0 0.5687740447820699 0.32630952415940034 0.5483285919539125 0.2836365734457614 0.46605150733428535 0.3230571484071091 0.48649696016244287 0.36573009912074805
0 0.9250303223172729 0.2246099820519814 0.6588118291377937 0.10389836211324785 0.4805772819873142 0.4969784367490629 0.7467957751667935 0.6176900566877965
0 0.39023178256541646 0.37487642195658594 0.30123833696619384 0.3606196658636616 0.27502605922067475 0.5242418039133764 0.36401950481989737 0.5384985600063007
0 0.5366688677721837 0.46105847330785626 0.4341221890106904 0.3699328992533587 0.3681554251668352 0.44416752121344094 0.4707021039283285 0.5352930952679384
1 0.4050947417939087 0.5596429379196113 0.2772129654636776 0.5094566613467794 0.24531841037909077 0.5907285276419443 0.37320018670932187 0.6409148042147763
0 0.34598466738240036 0.6789605595287378 0.25579292511867185 0.48887098915580934 0.11789342166363773 0.5543001257965635 0.2080851639273662 0.7443896961694919
1 0.5458203444589607 0.6299363934713058 0.477125826224061 0.4903649542324738 0.4344542406543225 0.5113671308168716 0.5031487588892221 0.6509385700557035
0 1 0.19807190312500014 0.891189734375 0.19807190312500011 0.891189734375 0.8745115203125 1 0.8745115203125
0 0.6072382478193412 0.8424931504308486 0.4322834239412723 0.44155779687338637 0.3274200123978245 0.48731669424936436 0.5023748362758935 0.8882520478068265
0 0.8853517722791805 0.7873258357536335 0.7976552686684057 0.5747571531811937 0.63823144817223 0.6405284205221479 0.7259279517830048 0.8530971030945877
1 0.2802711421452092 0.9103379883204908 0.2441525847276435 0.8504826293587904 0.1163694207359427 0.9275909054713047 0.1524879781535084 0.9874462644330052
1 0.6281325503904481 0.9639827987094105 0.5838580468749999 0.8287646765625001 0.4916306613093851 0.8589627124589683 0.5359051648248333 0.9941808346058787
0 0.3132569622747195 0.16207731904502543 0.21824642651796541 0.1580769050334442 0.21146158560824882 0.3192180689205581 0.3064721213650029 0.32321848293213934
0 0.5188227200710405 0.37584353354013755 0.4746719708208341 0.12638557582445747 0.2969467567163265 0.15784058104946877 0.3410975059665329 0.4072985387651489
1 0.6478008450309257 0.7028457152845875 0.6446033818800397 0.5215328001837782 0.5353883528851437 0.5234588131792671 0.5385858160360297 0.7047717282800765
1 0.7696377760415583 0.9480785670793039 0.7042310514315531 0.6857465220738824 0.5917677128899947 0.7137867815570784 0.6571744375 0.9761188265625
0 0.6553646017168602 0.11754419734287465 0.5593223696495214 0.07347211085907326 0.47117738538860426 0.2655583429704224 0.567219617455943 0.3096304294542238
1 0.2118793103267657 0.48810203456050694 0.19109626518825476 0.3257113754625619 0.13734705237356318 0.33259029523721106 0.15813009751207416 0.4949809543351561
0 0.42163665103852904 0.12000877417917447 0.3645261700990635 0.024311134384615275 0.26309088768812494 0.08484572829054113 0.32020136862759035 0.1805433680851003
0 0.48338291112851134 0.06418842937587271 0.39848495177666454 0.0586385344892868 0.3896594565475766 0.19364407072565834 0.4745574158994234 0.19919396561224426
0 0.42556028378039884 0.864721655736812 0.27574366800609307 0.844820298941209 0.2632416742067754 0.9389348068454609 0.4130582899810812 0.958836163641064