1 0.3711278470361245 0.459966183937781 0.3669892339756201 0.36882688206093184 0.3197199008995737 0.37097337073487624 0.3238585139600781 0.46211267261172545
0 0.7066029426482342 0.31101712454900354 0.38002252558698696 0.0054344625952203575 0.18958245517292757 0.20896039964724827 0.5161628722341749 0.5145430616010315
0 0.48230629869071995 0.6402132911785561 0.3419332791412061 0.5521525008236157 0.29403735742878334 0.6285008407349516 0.4344103769782972 0.7165616310898921
0 0.520864648061392 0.5387758574991978 0.4768873407003872 0.44980351589021944 0.35396910428218104 0.5105596224001849 0.3979464116431859 0.5995319640091632
1 0.5777125920537307 0.6679247436043465 0.5117257704452352 0.6103331556250527 0.4225846503586165 0.712468543717703 0.48857147196711204 0.7700601316969967
0 0.6124513681741592 0.8597466891811644 0.5981573507215511 0.7031665385043856 0.3923690959514232 0.7219527057964203 0.4066631134040314 0.8785328564731992
1 0.6374013559911677 0.5532939678249104 0.6326179906034672 0.5054039925392041 0.47893910249087357 0.5207538078154187 0.48372246787857404 0.568643783101125
0 1.0244791059785872 0.0768367657198362 0.44829306096093324 -0.01442213783160463 0.4215352467547633 0.15452005345913045 0.9977212917724174 0.2457789570105713
0 0.8593388752166048 0.644740564006365 0.8558721594185371 0.5320566907859023 0.41838131438098947 0.5455160828058617 0.4218480301790571 0.6581999560263244
0 0.9373934014299717 0.3358580194741192 0.8657252793543364 0.19562710815039183 0.6444885659675159 0.3086950446912577 0.7161566880431514 0.4489259560149851
0 0.8102389949348613 0.9994504674329182 0.7961649991206312 0.8641886167945622 0.726091604701137 0.8714797536161752 0.7401656005153671 1.0067416042545312
0 0.9771637966298263 0.5633458914742324 0.8353954296874999 0.5512668531250001 0.8271567552663008 0.6479619197928803 0.9689251222086271 0.6600409581421126
0 0.9213603640624999 0.9372575875000001 0.8035631000000001 0.9372575875000001 0.8035631000000001 1 0.9213603640624999 1
0 0.26165438987320105 0.6090693107443471 0.11597421470614425 0.5398609615910958 0.07516823990156771 0.6257555339963667 0.22084841506862457 0.6949638831496181
0 0.39306799281818405 0.4341618006496022 0.14618966113377538 0.3773317865332943 0.10570137014865963 0.553219156729986 0.35257970183306825 0.6100491708462938
1 0.7444708576181036 0.44320674164805834 0.5763220917117273 0.3753054191073759 0.5354212828890935 0.47659093565939853 0.7035700487954698 0.544492258200081
1 1.0178143683534977 0.42687536207501714 0.750780003230599 0.3845812732316204 0.7326482708146014 0.4990605252191034 0.9996826359375 0.5413546140625002
0 0.351028683717949 0.3637406993398629 0.2086533642243232 0.20754874332072842 0.1305581053100187 0.27873574758296715 0.27293342480364446 0.43492770360210165
2 0.3751626080216341 0.7600125711136755 0.21756063499383477 0.7156923795479982 0.20289122319975023 0.7678565999683679 0.36049319622754955 0.8121767915340451
0 0.1356856982247785 0.5406838622763722 0.11959723136205191 0.42365944131932076 0.009192247800867737 0.4388378707870973 0.02528071466359434 0.5558622917441487
0 0.21316537616398784 0.4058857409795297 0.09234051983270783 0.3450109640783944 0.054059539158394586 0.42099143128743555 0.17488439548967455 0.48186620818857084
1 0.8867235256359018 0.7554202433134124 0.8043892305784803 0.7102640495263897 0.7309471285855793 0.8441726717552749 0.8132814236430008 0.8893288655422976