1 0.5562592788852175 0.28415893804867204 0.5160189318944629 0.2502938474891977 0.4353318793851292 0.34617060248959014 0.4755722263758838 0.3800356930490645
1 0.4085125134609978 0.5250917038441834 0.3499696868137955 0.36821835584580404 0.23410313864939836 0.411458047800795 0.29264596529660064 0.5683313957991742
0 0.839179357476883 0.5273719192388783 0.6649732020387817 0.0501842089437242 0.4497876163601064 0.12874166710540152 0.6239937717982077 0.6059293774005556
0 0.5806975112136638 0.41494791314272417 0.4239197890129719 0.3431059926353005 0.36168091051679896 0.47892738401844603 0.5184586327174908 0.5507693045258696
0 0.40892737031003606 0.567708143803577 0.20950865291650303 0.5400651480999177 0.17935852364385937 0.7575705217307463 0.37877724103739246 0.7852135174344057
1 0.555203540158481 0.6539031039954857 0.4954145123020247 0.4971402925683616 0.4457733970453419 0.5160733162612108 0.5055624249017983 0.6728361276883348
1 0.7137771715790528 0.682736018963819 0.6381858529490306 0.4868415047216631 0.5291893433742841 0.5289008238235754 0.6047806620043064 0.7247953380657312
0 1 0.1416380734375001 0.8845820484375 0.14163807343750007 0.8845820484375 0.7649783484375001 1 0.7649783484375001
0 0.6652662006847028 0.8166271171547119 0.4066400704679675 0.47905282284861794 0.3244375432885939 0.542030726844946 0.5830636735053292 0.8796050211510401
0 0.8885411245623688 0.7416502352897241 0.8330283984639879 0.5349629812247222 0.6697563015514836 0.5788151250659757 0.7252690276498646 0.7855023791309775
0 0.3557437178105446 0.9316234877053488 0.30599186157442626 0.8896675992223736 0.2194371917653885 0.9923052895349344 0.2691890480015069 1.0342611780179094
1 0.5160933299506242 0.9051803150198378 0.4304138739994299 0.8282507707083109 0.2966943676249495 0.9771794386051653 0.3823738235761437 1.054108982916692
1 0.8318043755384472 0.9165944345666015 0.7525128604457302 0.64950210901943 0.615118571487673 0.6902902571410685 0.6944100865803902 0.9573825826882401
0 0.5859233138888155 0.08912578809866371 0.4937188506885235 0.06727011342052547 0.4436011439702371 0.27870610488921393 0.535805607170529 0.3005617795673522
0 0.502581229060698 0.30367857020602496 0.3165630056361076 0.14674550984351828 0.19345144432259076 0.29267393222735455 0.3794696677471812 0.44960699258986125
2 0.21224508387972513 0.5127623893744009 0.17648290089285573 0.3873281823968477 0.12197834910704759 0.402867817090996 0.157740532093917 0.5283020240685492
0 0.425767324938971 0.1397992163432787 0.3577188539395982 0.06291098463508 0.297329504405184 0.11635743292978543 0.36537797540455685 0.19324566463798412
0 0.2941540357966868 0.3510106169044616 0.2556137792333368 0.18557131819057435 0.15703623394663557 0.20853565566219956 0.19557649050998557 0.3739749543760868
0 0.3435173288021347 0.18255140576274478 0.31077120270644876 0.07137530652339268 0.22620908268581127 0.09628247509703312 0.2589552087814972 0.2074585743363852
0 0.6989764792221262 0.9654830691396643 0.6589901990618966 0.8275682363514345 0.5774713476458272 0.8512033709135618 0.617457627806057 0.9891182037017916