1 0.49345733859983315 0.3327657139394792 0.3793783244683714 0.2810513239869197 0.35771914625349177 0.3288302439339162 0.4717981603849535 0.38054463388647564
1 0.7172638747675713 0.4736525610493373 0.7018542459361805 0.30651955025375444 0.5792979336544202 0.3178192167542029 0.5947075624858109 0.4849522275497857
0 0.4323698001878361 0.6484184904847583 0.3886245326417683 0.14231583815183318 0.16039638590596625 0.16204286644239677 0.20414165345203403 0.6681455187753219
0 0.6168795422603731 0.4232699873315102 0.5042331989298627 0.325482254662378 0.3912760839074062 0.4556029314909975 0.5039224272379166 0.5533906641601296
0 0.9003273203862963 0.4876243208513156 0.7222120279275436 0.4075040004158733 0.6371722432820739 0.5965557419770164 0.8152875357408262 0.6766760624124586
1 0.5660009694939541 0.6596303221200416 0.5561633831523782 0.4916706540763158 0.5037609168490826 0.49473992536492056 0.5135985031906585 0.6626995934086464
1 0.4973516080999956 0.5440886344896264 0.3772262029240225 0.5414922849851795 0.3727632627361347 0.7479793151126485 0.4928886679121078 0.7505756646170954
0 0.17131971093750006 0.3377451921875 4.136185685398295e-17 0.3377451921875 8.021230458888548e-17 0.972221153125 0.17131971093750012 0.972221153125
0 0.6751731017838594 0.46300948261637026 0.5740343361748523 0.44126606208578967 0.484594812956421 0.8572908987598551 0.5857335785654281 0.8790343192904355
0 0.42253304350132337 0.8405186174243857 0.3705593651836233 0.6383347874766214 0.2028386223966058 0.6814493329626293 0.2548123007143059 0.8836331629103936
1 0.9714020538930404 0.8222982399396361 0.8303274094362212 0.7851479520149274 0.813792081095122 0.8479392706562512 0.9548667255519412 0.8850895585809602
0 0.8758411607231811 0.8022033217251519 0.6723174575941264 0.7976810924508667 0.66977013556958 0.912323756511692 0.8732938386986344 0.9168459857859773
0 0.5100930859858837 0.9984895608961173 0.4828141950004281 0.7235170618880117 0.33796173704552823 0.7378872786325252 0.36524062803098384 1.012859777640631
1 0.947759734268729 0.8737223015615048 0.8984970902045152 0.8672592220436932 0.8829073498595411 0.9860867604565318 0.9321699939237549 0.9925498399743432
0 0.458558323549288 0.27419642379789433 0.3211310757589806 0.10498461566121324 0.24732392990522123 0.16492790823419273 0.38475117769552863 0.33413971637087386
0 0.678442478434516 0.16395502980462662 0.4980981792575149 0.10198832941622457 0.4184943019362226 0.33366284778330857 0.5988386011132236 0.3956295481717106
2 0.8119375265402067 0.38692309647629425 0.8075830701871862 0.25624067075747653 0.7522042030934499 0.25808594458303474 0.7565586594464703 0.38876837030185246
0 0.523255394386877 0.06952505122560915 0.44601347457734974 0.04378735588479239 0.41374406072689424 0.14063174866865064 0.4909859805364215 0.1663694440094674
0 0.7301471811380413 0.2508091705147322 0.6658137070033004 0.0874494183823582 0.5746318034521296 0.12335819369019714 0.6389652775868704 0.28671794582257115
0 0.5947445372608574 0.13185281453972658 0.5699452864058692 0.017731103392294646 0.4855725913801585 0.03606573584931162 0.5103718422351468 0.15018744699674355
1 0.5861634760645689 0.858399151602773 0.4991466159757284 0.8572540371719365 0.497313592585854 0.9965448674689192 0.5843304526746944 0.9976899818997558
1 0.7412819513715713 0.5231109725685785 0.7105478491271822 0.4531055174563591 0.6077283354114714 0.49824579177057354 0.6384624376558604 0.568251246882793