1 0.5688506360827005 0.34682270523143066 0.4889871934085857 0.25033317094545204 0.44857515232807155 0.2837818216209959 0.5284385950021863 0.38027135590697453
1 0.7662416413555431 0.41458800145998864 0.6511353095397883 0.37101892257617336 0.5917191018005519 0.5279922141507841 0.7068254336163067 0.5715612930345995
0 0.5566947977095995 0.12969179486479063 0.3429169340968367 0.04737371408042901 0.16037415726964618 0.5214324442673413 0.374152020882409 0.6037505250517029
0 0.6386868597341898 0.4822721401973866 0.580308317779418 0.34500020210308924 0.4217419857947782 0.4124347513116877 0.48012052774955 0.5497066894059851
0 0.8636250877304947 0.6595160310726129 0.737092621229667 0.5075429768322863 0.5777845426745578 0.6401825701723582 0.7043170091753856 0.7921556244126848
1 0.5541306598368456 0.517134040174959 0.5056861555204675 0.4969209531778045 0.4408994450639268 0.6521946169579916 0.489343949380305 0.672407703955146
1 0.4757390643326868 0.5372202522887479 0.36890923017837085 0.4822271555699544 0.2743800080498547 0.6658600427005819 0.38120984220417065 0.7208531394193753
0 0.12173080312500009 0.134980771875 0.009450872349868324 0.1307992016356956 -0.013651573209550103 0.7511262174935622 0.09862835756558166 0.7553077877328667
0 0.6736601150223279 0.5435439759759302 0.5922888830107771 0.47966480319201865 0.32952788976508585 0.814377743469256 0.41089912177663673 0.8782569162531676
0 0.3230175495614535 0.5675914441370423 0.1533709713932864 0.5328186054605771 0.11145304532588665 0.7373239893150616 0.28109962349405376 0.7720968279915268
1 0.7737836738567019 0.9870842351451413 0.6725183632307499 0.8998185886629368 0.6307631012050721 0.9482724734360307 0.7320284118310241 1.0355381199182354
0 0.6887038319998587 0.985635530576328 0.5711285717232901 0.829975367065356 0.47750134375072084 0.9006951032493189 0.5950766040272895 1.056355266760291
0 0.37899569214655926 0.685966270928864 0.24070919513447783 0.6458341323911492 0.16281475429199013 0.9142411934975373 0.3011012513040716 0.9543733320352519
0 0.5617382399281774 0.2788822555737284 0.5123970223437042 0.0665515486040226 0.4197821899166267 0.08807329957236434 0.4691234075010999 0.3004040065420702
0 0.8086595344199233 0.28122174384699256 0.6773795652547255 0.14369508572372416 0.500284546226846 0.31274615520038856 0.631564515392044 0.450272813323657
2 0.8833108900383024 0.4157461096220335 0.8327277789199986 0.3931281325315537 0.7793541322365785 0.512493586399349 0.8299372433548824 0.5351115634898289
0 0.709268048338463 0.11940234621153611 0.6496205140420599 0.06533305972199925 0.580422599545124 0.14167002005888638 0.6400701338415271 0.19573930654842325
0 0.8298826424879941 0.20188993660511406 0.7321875196573321 0.19419301612572248 0.7183978642444929 0.369221728317422 0.8160929870751549 0.3769186487968136
0 0.7742791762568583 0.0972015817402493 0.6904081274181653 0.07669408500430287 0.6626698803457909 0.19013727628512694 0.746540929184484 0.21064477302107337
1 0.4203313723873811 0.8598986066924186 0.34262312147333746 0.8207237027713139 0.2799145289383489 0.9451139259863913 0.35762277985239255 0.9842888299074961
1 0.7353650990099012 0.5650990099009902 0.6023205445544556 0.5517945544554456 0.5956683168316832 0.6183168316831684 0.7287128712871288 0.631621287128713