1 0.38048859756051356 0.5316513187187432 0.28800250390883353 0.4481336264325358 0.2520312786683891 0.4879675588040464 0.3445173723200692 0.5714852510902537
0 0.5751599949566455 0.7055450172723112 0.5295886714258714 0.5912166022137894 0.3736762417271503 0.6533633202683738 0.4192475652579242 0.7676917353268957
0 0.6014386011339592 0.3714307029577755 0.515402095662658 0.15912205393701842 0.04460140036902137 0.34991054410617384 0.1306379058403226 0.5622191931269309
0 0.5493521749855359 0.47925605478502736 0.4110822984244577 0.4232821281356972 0.3464253818582901 0.5830012046341638 0.48469525841936834 0.6389751312834939
0 0.7979023632371183 0.6625663625175121 0.5948399013656926 0.5719552252514939 0.5129476134081496 0.7554784664632429 0.7160100752795755 0.8460896037292611
1 0.6721954723196578 0.48633664471552207 0.6511399911275888 0.4382522852364648 0.4970206592983596 0.5057390257862255 0.5180761404904286 0.5538233852652829
0 0.7187463297271809 0.3773735169219756 0.6618971740682356 0.27151971604835085 0.47994201328812236 0.36923937441457644 0.5367911689470677 0.4750931752882012
0 0.7433318490393689 0.01702926271806664 0.7137305093968822 -0.09124776010262943 0.11332604391994594 0.0728939575254929 0.1429273835624326 0.18117098034618895
0 0.8766442814706595 0.40431119703560797 0.8113547136351587 0.32406720416555823 0.48127856362065236 0.5926297272462933 0.5465681314561532 0.6728737201163429
0 0.768235051509172 0.2763842139094113 0.7305067639523072 0.10737034686741902 0.5267640956304929 0.1528510054227227 0.5644923831873576 0.32186487246471496
0 1.035217691277488 0.7082427884213467 0.9367839786196839 0.6291158385241726 0.8964643262321992 0.6792733775513904 0.9948980388900033 0.7584003274485644
0 1.05498447000776 0.5957965530255199 0.9043718412654138 0.46977588348776783 0.8304793290700948 0.5580879480636423 0.9810919578124407 0.6841086176013944
0 0.9508328681786313 0.29320163913070385 0.9082934130420648 0.15563660527869208 0.6412866726649004 0.23820352606798342 0.6838261278014668 0.37576855991999514
0 0.29586345165079586 0.4641695423863544 0.08280717847595885 0.421461377297293 0.0641827077297278 0.5143724241374228 0.27723898090456484 0.5570805892264841
0 0.4518770340384294 0.6354490244122015 0.31478969581447114 0.502893379306401 0.14450560199843113 0.6789989924961495 0.2815929402223894 0.8115546376019502
2 0.5354770202517122 0.8214886521580915 0.5119796897460037 0.7713079841559622 0.3935639172537215 0.8267567187806562 0.41706124775942993 0.8769373867827854
0 0.19448549768470294 0.6284700612168729 0.13896404840070659 0.5699827535921838 0.06449751243856494 0.6406731335684309 0.12001896172256128 0.69916044119312
0 0.37770861516117027 0.8108039773068162 0.36830784827500507 0.7132580634786521 0.19354645809930104 0.7301002973075138 0.20294722498546625 0.8276462111356782
0 0.2058977126658165 0.7375539907379675 0.1839295880684771 0.6540536200137025 0.07098777364484357 0.6837674982873825 0.09295589824218295 0.7672678690116475
1 0.9817302452971454 0.34919245998726445 0.9412051124144224 0.27217974069479706 0.817928249737324 0.3370496905842728 0.858453382620047 0.4140624098767402