1 0.3809167635807535 0.5277606640183222 0.28666756369576535 0.44559115762336177 0.25184098309260755 0.4855375744948519 0.3460901829775957 0.5677070808898124
0 0.5715612930345992 0.7068254336163067 0.5279922141507841 0.5917191018005519 0.37101892257617325 0.6511353095397882 0.4145880014599884 0.766241641355543
0 0.6036669922392031 0.37322066619490724 0.521348911978811 0.15944280394288254 0.047290181791899685 0.34198558077007574 0.1296082620522919 0.5557634430221003
0 0.549706689405985 0.48012052774955 0.4124347513116877 0.421741985794778 0.3450002021030891 0.5803083177794179 0.48227214019738646 0.6386868597341899
0 0.7950198172105793 0.6677407139869886 0.5935696632948638 0.5735994516172547 0.508486928813816 0.7556655247219581 0.7099370827295315 0.8498067870916921
1 0.6724077039551458 0.4893439493803048 0.6521946169579914 0.44089944506392664 0.4969209531778044 0.5056861555204673 0.5171340401749588 0.5541306598368454
0 0.7208531394193752 0.38120984220417076 0.6658600427005817 0.27438000804985474 0.4822271555699544 0.36890923017837085 0.5372202522887479 0.4757390643326869
0 0.7553077877328666 0.09862835756558165 0.7511262174935622 -0.013651573209550114 0.1307992016356956 0.009450872349868253 0.13498077187499996 0.12173080312500002
0 0.8782569162531676 0.41089912177663673 0.814377743469256 0.32952788976508585 0.4796648031920186 0.5922888830107771 0.5435439759759302 0.673660115022328
0 0.7720968279915267 0.28109962349405376 0.7373239893150615 0.11145304532588658 0.532818605460577 0.15337097139328632 0.5675914441370422 0.32301754956145345
0 1.0352573908361478 0.7197901716283165 0.9342527666728021 0.6367084014236418 0.8931195168847823 0.6867151408710661 0.9941241410481281 0.7697969110757408
0 1.0546206365476902 0.6066749073820199 0.904837736064841 0.4768377496169885 0.8294152207640122 0.563846763815486 0.9791981212468613 0.6936839215805175
0 0.9543733320352519 0.3011012513040715 0.9142411934975371 0.16281475429199013 0.6458341323911492 0.2407091951344778 0.6859662709288638 0.37899569214655915
0 0.29651987011272285 0.46061232641941857 0.08424140736256176 0.4141923196541411 0.06399825088287728 0.5067641747261811 0.27627671363303835 0.5531841814914585
0 0.44994182479763517 0.632971545826548 0.3136799202910928 0.49998313742413203 0.14261980980718314 0.6752538750744792 0.27888171431372555 0.8082422834768952
2 0.5312811058580277 0.8206631820887026 0.5086631277817396 0.7700800725226077 0.3892976755331898 0.8234537224461296 0.4119156536094778 0.8740368320122244
0 0.1922899171073329 0.6231185310843076 0.13779766745477362 0.5636711493920066 0.0621087576557124 0.633051143115677 0.11660100730827168 0.692498524807978
0 0.3723029625529454 0.8086223607758173 0.3646060367640672 0.710927236895528 0.1895773277645906 0.7247169014210871 0.1972742535534688 0.8224120253013766
0 0.20179661677107325 0.7323850166844839 0.18128912003512676 0.6485139678457907 0.06784592911480034 0.6762522148300192 0.08835342585074682 0.7601232636687122
1 0.9842888299074959 0.35762277985239266 0.9451139259863913 0.279914528938349 0.8207237027713139 0.34262312147333757 0.8598986066924186 0.4203313723873812