1 0.49345733859983315 0.3341797405019792 0.37937832446837144 0.28246535054941974 0.3577191462534919 0.3302442704964162 0.4717981603849536 0.3819586604489757
1 0.7163900294550711 0.47103182042433706 0.7009804006236805 0.3038988096287544 0.5784240883419203 0.31519847612920293 0.5938337171733109 0.48233148692478556
0 0.43149608612533774 0.6501657170472577 0.387750818579267 0.14406306471433236 0.15952267339437826 0.1637900928708432 0.20326794094044898 0.6698927452037684
0 0.6168795422603731 0.4232699873315102 0.5042331989298627 0.325482254662378 0.3912760839074062 0.4556029314909975 0.5039224272379166 0.5533906641601296
0 0.8995595884518707 0.5938684634678483 0.774147688056545 0.41213605096406136 0.6098297975251848 0.525530346657239 0.7352416979205105 0.707262759161026
1 0.5645805148064541 0.6610507768075418 0.5547429284648783 0.4930911087638159 0.5023404621615828 0.49616038005242064 0.5121780485031586 0.6641200480961464
0 0.49451069872499553 0.5440886344896265 0.3743852935490225 0.5414922849851795 0.3699223533611347 0.7479793151126485 0.49004775853710775 0.7505756646170954
0 0.1713197109375001 0.35172273593750003 4.307361227532091e-17 0.35172273593750003 8.192406001022343e-17 0.986198696875 0.17131971093750015 0.986198696875
0 0.6751731017838594 0.46300948261637026 0.5740343361748523 0.44126606208578967 0.484594812956421 0.8572908987598551 0.5857335785654281 0.8790343192904355
0 0.42253304350132337 0.8405186174243857 0.3705593651836233 0.6383347874766214 0.2028386223966058 0.6814493329626293 0.2548123007143059 0.8836331629103936
1 0.9714020538930402 0.8208777852521362 0.8303274094362212 0.7837274973274273 0.813792081095122 0.8465188159687511 0.9548667255519412 0.88366910389346
0 0.8758411607231811 0.8022033217251519 0.6723174575941264 0.7976810924508667 0.66977013556958 0.912323756511692 0.8732938386986344 0.9168459857859773
1 0.5100930859858837 0.9984895608961173 0.4828141950004281 0.7235170618880117 0.33796173704552823 0.7378872786325252 0.36524062803098384 1.012859777640631
1 0.9425169201797896 0.8737223017630302 0.8932542745795151 0.8672592220436932 0.8776645342609803 0.9860867602550064 0.9269271798612548 0.9925498399743434
0 0.4506942328441836 0.2741964262591875 0.3132669896146286 0.10498461592534802 0.2394598428303075 0.1649279064864319 0.3768870860598626 0.33413971682027144
0 0.6644618610820234 0.1648286771598137 0.4841175619050226 0.102861976771411 0.4045136845837295 0.3345364951384947 0.5848579837607303 0.3965031955268974
2 0.7968749689873689 0.3862400619556792 0.7901876285692746 0.2555766814485524 0.7346168803249326 0.258420787496902 0.7413042207430267 0.3890841680040288
0 0.5014105531661247 0.07738746378883934 0.4241686330773007 0.051649773041093174 0.3918992237091635 0.14849417000570725 0.4691411437979875 0.17423186075345343
0 0.7117974623880412 0.2508091705147322 0.6474639882533004 0.08744941838235824 0.5562820847021296 0.12335819369019718 0.6206155588368704 0.28671794582257115
0 0.5694045763233575 0.13010568797722658 0.5446053254683692 0.015983976829794643 0.4602326304426585 0.03431860928681163 0.4850318812976468 0.14844032043424354
2 0.5847430213770689 0.8583991516027731 0.49772616128822833 0.8572540371719366 0.49589313789835393 0.9965448674689192 0.5829099979871946 0.9976899818997558