1 0.473297701060031 0.33621309038790076 0.35376661565569145 0.298786905757928 0.3380916672209801 0.3488492783610277 0.4576227526253196 0.38627546299100046
1 0.7098263033556066 0.44487643375943264 0.6741631456831241 0.2808671689403633 0.5538974315067289 0.30701846674660654 0.5895605891792113 0.4710277315656759
0 0.4501349728576103 0.6559914464415519 0.34503738241636545 0.15899241240044784 0.12091453362625337 0.20638641069284724 0.22601212406749815 0.7033854447339513
0 0.6066573036309124 0.4095978889509048 0.48293328260288587 0.3262671863170151 0.38667585397357096 0.4691839714563465 0.5103998750015976 0.5525146740902362
0 0.9052218425216166 0.5360168766220624 0.7585971363665178 0.37092293582775093 0.6093233339495012 0.5034973193014507 0.7559480401045999 0.6685912600957622
1 0.584963049888791 0.6503969666797376 0.5547296574354046 0.4848881452659124 0.5030918414850598 0.4943207926724155 0.5333252339384461 0.6598296140862407
0 0.5286273692516803 0.7468203574234216 0.49406297021032525 0.5404866902889108 0.3778593071088829 0.5599527805168669 0.41242370615023793 0.7662864476513775
0 0.23594255504434844 0.9953216387082507 0.07790917517643318 0.41756430392843197 -0.08917477507918595 0.46326660797731245 0.06885860478872932 1.0410239427571313
0 0.6693593784776671 0.4419369745434099 0.5663246292548153 0.43268134076168396 0.5282524470652419 0.856505126012825 0.6312871962880937 0.8657607597945509
0 0.46460925026856764 0.8474212928375324 0.38838296726986543 0.6530785071688542 0.22716673007861746 0.7163116983462026 0.3033930130773197 0.9106544840148809
1 1.0049926631222497 0.7524628605191045 0.8605109081233951 0.7327915303650048 0.8517511686355904 0.7971299622156348 0.9962329236344448 0.8168012923697343
0 0.9204279172088448 0.871276513243545 0.9127108422792141 0.7571778660686712 0.7090151588290936 0.7709548466985788 0.7167322337587243 0.8850534938734527
1 0.578474730187003 0.9897794398358698 0.49921697068204585 0.7219780602759598 0.36129505165818665 0.7627970519720415 0.4405528111631439 1.0305984315319514
1 0.9741842211012262 0.8168817431005522 0.9245011223671037 0.8164704462473562 0.9235090239159469 0.9363121735053912 0.9731921226500694 0.9367234703585872
0 0.41290176104821674 0.28938426188696637 0.26061151843288644 0.13530273950186 0.1926464704953657 0.20247765755529215 0.344936713110696 0.35655917994039854
0 0.6223888815486711 0.14728413770382873 0.43583700157267824 0.1077577652495509 0.3850604959035203 0.34740668831099186 0.5716123758795131 0.3869330607652697
1 0.7755946541839298 0.3515469771303855 0.7530333051432306 0.22267252284080286 0.698223382418694 0.23226779759326383 0.7207847314593931 0.3611422518828465
0 0.4308163844727294 0.08270839986136308 0.3510135780466091 0.06657597365079129 0.3307870604860447 0.16663115719798008 0.41058986691216504 0.18276358340855187
0 0.6666278964430459 0.22671814555733602 0.5828654117217301 0.07241632985127784 0.49673934186616364 0.11916972401824366 0.5805018265874795 0.2734715397243018
0 0.5015941330277114 0.12273134460558532 0.46307179422229944 0.012482548513895454 0.3815624305141615 0.04096296223167499 0.4200847693195734 0.15121175832336486
1 0.6443550178368131 0.985123434684145 0.6291990948564642 0.8466474665810944 0.542691290878327 0.8561155759740258 0.557847213858676 0.9945915440770763