1 0.46193754854295976 0.6615252740781492 0.44979295677898506 0.6104914215546742 0.32794232571782034 0.6394883735237585 0.34008691748179504 0.6905222260472336
1 0.7083074007985944 0.5697251172998883 0.5901588726573332 0.5352482098698776 0.543141878493497 0.6963702208669582 0.6612904066347582 0.7308471282969689
0 0.461407664789162 0.33952208642991 0.24113680778511665 0.276609517079337 0.10162632729822445 0.7650666475877734 0.32189718430226977 0.8279792169383464
0 0.6000913601777164 0.5976219330290966 0.5140377795951228 0.44833870678197385 0.38480228862898896 0.522835869092596 0.4708558692115826 0.6721190953397188
0 0.9067471526146058 0.4923377084569404 0.7670848974902604 0.34967345233194885 0.6093009866457595 0.5041372080716835 0.7489632417701049 0.6468014641966751
1 0.5966677007711654 0.35589611387548276 0.5458136595813151 0.342884372454893 0.5041086038677824 0.5058810500344932 0.5549626450576327 0.5188927914550829
0 0.5505082849565649 0.2586716622197496 0.4379851847360142 0.2265322795141777 0.3801827971927851 0.4289040520556056 0.49270589741333576 0.4610434347611774
0 0.2656760162985832 0.0030631331356427483 0.10629990073362214 -0.05274291046179218 -0.08396766945406689 0.4906410010235813 0.07540844611089415 0.5464470446210162
0 0.6648965565031093 0.5697355000265041 0.6564815683814301 0.14428834595708204 0.5530521666927997 0.14633409283379095 0.5614671548144788 0.571781246903213
0 0.4889303451592609 0.15095627899072597 0.332517748643738 0.07663124114032438 0.2429204783443261 0.2651833373591149 0.39933307485984904 0.33950837520951654
1 1.0033627025028504 0.2852707336590394 0.9991123144798382 0.2204779788228141 0.8606615620017489 0.22956031251270534 0.8649119500247613 0.29435306734893063
0 0.9453027158228599 0.15895546458860169 0.7430642582550164 0.13100295638103887 0.7274068653415291 0.2442853483883737 0.9296453229093725 0.2722378565959366
1 0.6146010958574368 0.0174210673350933 0.4800084656353264 -0.03375087489771873 0.3806863263406236 0.2274865803104822 0.515278956562734 0.2786585225432942
1 0.9866673307171345 0.09638952141335766 0.937076564428118 0.09333410096157632 0.9297065158267183 0.21295310708481835 0.9792972821157347 0.21600852753659963
0 0.5974865257326937 0.860394088684448 0.5635507845115046 0.6177869465834268 0.3746961128718138 0.6442038245437158 0.4086318540930029 0.886810966644737
0 0.3805993185390668 0.9064233727094348 0.36740156831658277 0.805200987626147 0.2866678172591765 0.8157273537071591 0.29986556748166054 0.9169497387904469
0 0.6171656394211862 0.7688817582852446 0.5279797963537007 0.7442028150604576 0.4850795935536415 0.8992374419340482 0.5742654366211271 0.9239163851588351
0 0.46279604445572187 0.8599854412619908 0.37915482343750007 0.8240329265625 0.324284788409144 0.9516845460790988 0.4079260094273657 0.9876370607785894
0 0.6777447904718124 0.02754499378055365 0.5921081769142912 0.012065469377657966 0.567329578702669 0.14914689283203977 0.6529661922601901 0.16462641723493546
0 0.373448041075177 0.7147155336372764 0.3306961451538413 0.6562343119460999 0.17191245864152455 0.7723109506255684 0.21466435456286023 0.8307921723167448