0 0.3852218047619314 0.4669461452085944 0.35777646200348 0.4212694179473921 0.25026171665272856 0.4858707853103593 0.27770705941117996 0.5315475125715616
1 0.5866185285093282 0.2995978284751716 0.4354210319977193 0.22672659284042554 0.3819855683641346 0.33759761425182594 0.5331830648757435 0.41046884988657195
0 0.5815902620034913 0.64729249500644 0.12524513143258786 0.4241273825728612 0.024608315809406988 0.6299172583513579 0.48095344638031035 0.8530823707849366
0 0.5477849306409878 0.5241360479853825 0.49442695468171854 0.36029579994159067 0.3525893537237453 0.4064881573897624 0.4059473296830145 0.5703284054335543
0 0.7854696558181428 0.40986582862941 0.7842659446385325 0.2071820971717889 0.5647253282358071 0.20848591910383057 0.5659290394154175 0.41116965056145177
1 0.6708229044476965 0.5256418214095774 0.5217866379921335 0.44756865378904714 0.4974282516135583 0.4940671253303795 0.6464645180691213 0.5721402929509097
1 0.7146498347741883 0.6232852403383555 0.5249995985653368 0.5317373065516557 0.47410674329615343 0.6371666879031961 0.6637569795050048 0.7287146216898959
0 0.6209912423858246 0.9920627396177812 0.18037095619107082 0.824689187785094 0.14615066388195533 0.914776031410085 0.586770950076709 1.082149583242772
0 0.8690518818387956 0.6217290860860734 0.5585137557764556 0.3307958206079059 0.48778569178646736 0.4062899735895849 0.7983238178488073 0.6972232390677523
0 0.7519829907553882 0.7417821930541054 0.5519091989286634 0.6821999629916179 0.5024830113396651 0.8481703329508967 0.7025568031663898 0.9077525630133841
0 1.032308794826419 0.3246573849107492 0.9957156868662402 0.2711273459075946 0.8922954393238453 0.34182537553847586 0.9288885472840238 0.3953554145416305
0 1.0549050565000067 0.45795456513692623 0.9923099077699564 0.3588350024272197 0.8348299879038535 0.45828539079187436 0.8974251366339037 0.5574049535015809
0 0.9324682263140754 0.7377431276805128 0.6718714842357635 0.6367518766135198 0.619839596004396 0.7710144034563905 0.880436338082708 0.8720056545233834
0 0.4549910148395573 0.37395770955559954 0.2974062120627218 0.1864026790954852 0.1514062072443686 0.3090727131024376 0.3089910100212041 0.49662774356255196
0 0.17643652614804697 0.4001154486504106 0.10708250066089528 0.3244027455372428 0.04761643026031805 0.3788746002274383 0.11697045574746974 0.45458730334060615
0 0.37333551038825974 0.2349571068209368 0.22941649156569036 0.16309975634492452 0.18807954277039615 0.24589119065648476 0.33199856159296554 0.31774854113249706
0 0.20398406658715032 0.29276257002259365 0.07240520664782943 0.2481233493818103 0.043156232248179126 0.3343378184217166 0.17473509218750002 0.3789770390625
0 0.9700369715622212 0.6840439841593615 0.8515855061916973 0.6107326942568772 0.80578695314108 0.6847309246510126 0.9242384185116039 0.758042214553497
0 0.2711277380235594 0.5179533940064295 0.2536488829059339 0.4478152429400078 0.06221093487932189 0.49552274743929026 0.07968978999694737 0.565660898505712