1 0.7272483734863717 0.6011389589765812 0.7157920899923459 0.5499461979204244 0.5935620422903342 0.5772997152746939 0.60501832578436 0.6284924763308506
1 0.5477988963168945 0.696963618958222 0.4385810632000925 0.5705866106824382 0.344593601013105 0.651812674665606 0.45381143412990693 0.7781896829413898
0 0.9894501652090477 0.5576147014784457 0.6499032640429576 0.17977373023905208 0.47951763153924426 0.33289082955755045 0.8190645327053344 0.710731800796944
0 0.6129817192047645 0.4686778565676075 0.4638391638643086 0.45986725016631613 0.45366913988127333 0.6320215033039079 0.6028116952217293 0.6408321097051993
0 0.4041143257696779 0.5545504271804222 0.19791385146425672 0.4790588259917472 0.12869975299728864 0.6681127036124005 0.33490022730270974 0.7436043048010756
1 0.500153808983679 0.5065031321797855 0.39126854883551143 0.3782191457173683 0.35123708012648835 0.4121971737214497 0.46012234027465587 0.5404811601838668
0 0.5758257278193442 0.38542085859532504 0.43834911101214535 0.22671078381826212 0.35004217562857753 0.303203336255137 0.48751879243577634 0.46191341103219996
0 1.0162830245979482 0.2921719814551638 0.6595919466213437 -0.09815826507695453 0.5521764765624999 0 0.9088675545391045 0.39033024653211834
0 0.4746654277504865 0.5922660288016544 0.29802263150756864 0.2054311781646843 0.20382469416541568 0.2484453663254312 0.3804674904083335 0.6352802169624013
0 0.6254768841057265 0.18953924854370077 0.46904451258760566 0.04349063723287942 0.35367376461912464 0.16706401151248598 0.5101061361372454 0.3131126228233073
0 0.08766230601411615 0.48717537985097986 0.06444758497748061 0.4304219891091157 -0.022717398746870555 0.46607643644473623 0.0004973222897649787 0.5228298271866004
0 0.16019940937500005 0.3063987203125 4.0857321986218135e-17 0.3063987203125 4.8630819591294926e-17 0.4333495703125 0.16019940937500005 0.4333495703125
0 0.48654508043247935 0.20685738786276436 0.28794166250212216 0.011454886605589288 0.18742515524855607 0.11361796932225299 0.38602857317891326 0.30902047057942805
0 0.7492563605342457 0.8094729016514275 0.6767507684437023 0.5755500307015567 0.4949168467504176 0.6319103861511204 0.5674224388409611 0.8658332571009911
0 0.888672373946585 0.7664802802173951 0.8222118215231475 0.6718871720089881 0.7634012779214963 0.7132071084199687 0.8298618303449338 0.8078002166283758
1 0.6958542173396812 0.8390120723793014 0.5507516243217704 0.7600208272948279 0.5260472445544572 0.8054014205403565 0.671149837572368 0.8843926656248302
0 0.8653361387404 0.8231758603779283 0.7611292484375 0.7303758953124999 0.7008493737719959 0.7980653419875278 0.805056264074896 0.890865307052956
1 0.2853753196638082 0.20594685837547783 0.18287229634605545 0.10561646418667817 0.12344938401300827 0.16632616454947294 0.225952407330761 0.2666565587382726
1 0.929848415531171 0.6020380105502106 0.7372585648998242 0.5639973526464843 0.7230475232347219 0.6359441207209083 0.9156373738660687 0.6739847786246346