1 0.49345733859983315 0.3341797405019792 0.37937832446837144 0.28246535054941974 0.3577191462534919 0.3302442704964162 0.4717981603849536 0.3819586604489757
1 0.7032831247675712 0.4692846610493372 0.6878734960790283 0.3021516518030839 0.565317183797268 0.31345131830353234 0.5807268124858109 0.4805843275497857
0 0.4157677737593918 0.6457977514106704 0.37202250607926707 0.13969509752683235 0.14379436089437822 0.15942212568334319 0.18753962857450296 0.6655247795671813
0 0.6133844219478731 0.41977559983151025 0.5007380786173627 0.32198786716237804 0.3877809635949062 0.4521085439909974 0.5004273069254166 0.5498962766601296
0 0.8978120275143706 0.5851325306553481 0.7724001276231022 0.403400118881983 0.6080822370917423 0.516794414575161 0.7334941369830108 0.698526826348526
1 0.5660009694939541 0.6596303221200416 0.5561633831523782 0.4916706540763158 0.5037609168490826 0.49473992536492056 0.5135985031906585 0.6626995934086464
1 0.4930902440374957 0.5426681798021264 0.3729648388615225 0.5400718302976796 0.3685018986736347 0.7465588604251484 0.48862730384960784 0.7491552099295953
0 0.1713197109375001 0.35172273593750003 4.307361227532091e-17 0.35172273593750003 8.192406001022343e-17 0.986198696875 0.17131971093750015 0.986198696875
0 0.6751731017838594 0.46300948261637026 0.5740343361748523 0.44126606208578967 0.484594812956421 0.8572908987598551 0.5857335785654281 0.8790343192904355
0 0.42253304350132337 0.8405186174243857 0.3705593651836233 0.6383347874766214 0.2028386223966058 0.6814493329626293 0.2548123007143059 0.8836331629103936
1 0.9539261842222118 0.7903020325342427 0.8128515418102458 0.7531517294677004 0.7963162066667707 0.8159430474375554 0.9373908490787368 0.8530933505040977
0 0.8758411607231811 0.8022033217251519 0.6723174575941264 0.7976810924508667 0.66977013556958 0.912323756511692 0.8732938386986344 0.9168459857859773
0 0.5100930859858837 0.9984895608961173 0.4828141950004281 0.7235170618880117 0.33796173704552823 0.7378872786325252 0.36524062803098384 1.012859777640631
1 0.9014487771127223 0.8588713770477735 0.8521861324766566 0.8524082996718244 0.8365963974492054 0.9712358383124199 0.885859042085271 0.9776989156883691
0 0.6557239178033513 0.16482866585025593 0.4753796117105226 0.10286197661086312 0.39577574986471287 0.3345365005059633 0.5761200559575415 0.3965031897453561
0 0.4419924287618769 0.07564024341310914 0.3647505089523498 0.04990254807229243 0.3324810949457492 0.14674694132476063 0.4097230147552763 0.17248463666557734
0 0.6549062588788717 0.23285751407535277 0.5842185731656417 0.08366224844335361 0.53710467791043 0.10598448639385957 0.60779236362366 0.25517975202585874
0 0.5077019310283979 0.1325408843294847 0.478197089530869 -0.003235112232705284 0.38923253037747096 0.016097356562810118 0.41873737187499993 0.15187335312500005
1 0.5861634760645689 0.858399151602773 0.4991466159757284 0.8572540371719365 0.497313592585854 0.9965448674689192 0.5843304526746944 0.9976899818997558
0 0.40363590960149276 0.2563462095981298 0.26991798521299554 0.11210487509373479 0.2167928237258935 0.16135418598833534 0.35051074811439065 0.30559552049273037