1 0.5978490142117032 0.3655955683955838 0.5417378851027943 0.25361369119460975 0.4948372952593513 0.27711432467002817 0.5509484243682602 0.3890962018710023
1 0.770515128041552 0.4644755760589817 0.6681598743069677 0.39612988122303144 0.574955195548881 0.5357142188529752 0.6773104492834653 0.6040599136889255
0 0.6272900216036159 0.13945163094831664 0.4375088105189258 0.011153804337889216 0.15300458451756802 0.4319992543017449 0.3427857956022581 0.5602970809121723
0 0.6386030960034883 0.5090090596979933 0.6126002593268639 0.36212307783148007 0.44292849803202194 0.39215962074402616 0.46893133470864645 0.5390456026105394
0 0.7724869343552543 0.5963547467146687 0.5734266059472375 0.5810700665991618 0.5565220451362928 0.8012269427123891 0.7555823735443095 0.8165116228278959
1 0.5488889740295224 0.5288716449871169 0.5062330539145949 0.49827897576218777 0.40817784997886486 0.6349991460481827 0.4508337700937923 0.665591815273112
1 0.46572360091042214 0.5202250779785025 0.36933264301588514 0.454001481989486 0.2502639537394059 0.6273104792313509 0.3466549116339429 0.6935340752203673
0 0.25515968530872357 0.09662422412924482 0.14852666252271776 0.04054111660469887 -0.10663302278600575 0.5256862831004542 4.4408920985006264e-17 0.5817693906250001
0 0.6594139559816805 0.5814929727612478 0.5944979499503343 0.500946473373826 0.26317747263355623 0.7679723809846928 0.32809347866490235 0.8485188803721148
0 0.312348830902747 0.5260466898389708 0.1548724696248407 0.4540029018480299 0.06802519772990805 0.6438373448488157 0.22550155900781438 0.7158811328397567
1 0.6542357678883262 0.9958041028218716 0.5930245617096485 0.8909622206486851 0.5366622489071632 0.9238689662941042 0.5978734550858409 1.0287108484672909
0 0.555202328125 1.0000000000000004 0.5189788501673303 0.8467018963472412 0.39491449642090437 0.8760176039534218 0.4311379743785742 1.0293157076061807
0 0.3402637180952974 0.6539799233118904 0.21454926492069698 0.5837686727302493 0.07827279579581545 0.8277740373217686 0.20398724897041584 0.8979852879034095
0 0.831950368800606 0.3375231917967715 0.7307934242301556 0.175871678789915 0.5231320996127533 0.3058202620911915 0.6242890441832036 0.467471775098048
0 0.7219778973046992 0.13370518503062795 0.6781469097398272 0.06509332211183513 0.5921227130925157 0.1200477473835861 0.6359537006573879 0.1886596103023789
0 0.8274599610179612 0.22944526266295848 0.7767977475047843 0.2171431646674896 0.7378407739139992 0.3775748662041291 0.7885029874271761 0.38987696419959794
0 0.8010255568512555 0.09686645428653459 0.7207637547008978 0.05475270966480554 0.655930275 0.1783145531249999 0.7361920771503577 0.22042829774672895
1 0.34141370272820265 0.8327528866287608 0.2745095457367854 0.7771014808494565 0.18542645952687695 0.8841972262597928 0.25233061651829425 0.9398486320390969
0 0.5784473349213667 0.2500015539209216 0.5653030046247915 0.05375356689745255 0.49302340407023343 0.05859472199821806 0.5061677343668086 0.25484270902168704