1 0.7211088298157355 0.6167805813417198 0.6674113659674751 0.5036214823937989 0.6200177284111502 0.5261112173155091 0.6737151922594107 0.6392703162634299
1 0.7006231306970457 0.30684816829900946 0.5332466417846302 0.2943577609967037 0.5240875997981805 0.4170926128225797 0.6914640887105961 0.4295830201248855
0 0.8624835421897294 0.6216698154641245 0.355694510330447 0.5867639179905322 0.3399536163236972 0.815301586741651 0.8467426481829795 0.8502074842152434
0 0.683384441931696 0.4968289956134231 0.581842208427924 0.3865464117185902 0.4552213845692127 0.503132012169902 0.5567636180729847 0.6134145960647348
0 0.5918311296029428 0.22595545764195651 0.40793765596695125 0.10373432956121276 0.2974283756240278 0.27000619883939836 0.48132184926001936 0.39222732692014206
1 0.5073478906785767 0.4436998030228083 0.3392421152219357 0.43679501535491605 0.33708786050628503 0.4892430668988571 0.5051936359629259 0.49614785456674937
1 0.461568988015835 0.5126047176137059 0.25210416159090776 0.5044181044344571 0.24752273805395938 0.6216396055527058 0.45698756447888667 0.6298262187319545
0 0.6569808843750001 0.8359036312500001 0.021201756250000106 0.8359036312500001 0.021201756250000117 1 0.6569808843750001 1
0 0.5571091025146169 0.42323144625622094 0.5330107044353086 0.3225202796933572 0.1194285190368253 0.4214831701293621 0.14352691711613352 0.5221943366922257
0 0.3639453315964581 0.6318351944354038 0.16088522871016758 0.5833980276495423 0.12070438159261258 0.7518456783104521 0.32376448447890305 0.8002828450963136
0 0.2360182519387027 0.18209537417488728 0.19641151701391707 0.04169058018146636 0.1339183438721428 0.059319255619364644 0.1735250787969284 0.19972404961278556
0 0.2150944478405672 0.33350331999374594 0.2070209382245544 0.13008953942251955 0.09244018854634233 0.13463725876453866 0.10051369816235514 0.3380510393357651
0 0.28031869177440816 0.5310744052054694 0.004139667235460209 0.48823701572038763 -0.01793066304251567 0.6305277192551235 0.25824836149643227 0.6733651087402053
0 0.15391633093827115 0.15672966709022945 0.1506987269517534 0.1067776470022623 0.032012817899983795 0.11442266823335459 0.03523042188650154 0.16437468832132174
0 0.8974780112698948 0.5146227519690955 0.829942433035243 0.33663676485355076 0.6009697980977402 0.4235188815360134 0.6685053763323919 0.6015048686515582
0 0.9539827305233455 0.6613606414841657 0.950335899256015 0.5895782090574476 0.8348783085211835 0.595443910980718 0.8385251397885141 0.667226343407436
0 0.9148045241712686 0.40852815838159035 0.7643983132660155 0.3404550545734717 0.742901725279604 0.3879513514301741 0.8933079361848572 0.4560244552382927
0 1.0046183447005368 0.5258109500686269 0.8673348035973811 0.5008281683123335 0.8511067921875002 0.5900031406250001 0.9883903332906557 0.6149859223812936
0 0.14740231317494024 0.427708115882925 0.005233722144281916 0.4087041921571055 -0.006021775611389069 0.4929067116135702 0.13614681541926926 0.5119106353393896
1 0.8920345268824972 0.7337611698860352 0.7454814637926857 0.6025809677842214 0.6971668141007783 0.6565575571705122 0.8437198771905899 0.787737759272326