1 0.5398311666163436 0.6626442698769595 0.5058413739770189 0.6226863033253857 0.4104360042024135 0.7038418028458989 0.4444257968417382 0.7437997693974727
0 0.7384954286034816 0.6437956939352056 0.707240016435191 0.47888966357369195 0.586316718061099 0.5018088225828915 0.6175721302293895 0.6667148529444052
0 0.47629362467636527 0.8816226828658358 0.3788434849018726 0.38306775516537417 0.15401900587239306 0.4270131174290756 0.25146914564688577 0.9255680451295373
0 0.6300297218501435 0.5516247518138323 0.4855822547375014 0.457679930125113 0.4042535921139846 0.5827290718282182 0.5487010592266268 0.6766738935169375
0 0.85893575930639 0.3085135041123018 0.6697275611859916 0.24480405901123273 0.5992661460938247 0.4540646696703366 0.788474344214223 0.5177741147714056
1 0.5562835879741301 0.4925259553249117 0.5194441225438455 0.3283611528632888 0.46822563327194083 0.33985485758336625 0.5050650987022254 0.5040196600449891
0 0.4822489047445628 0.4596974014395097 0.42214925158912775 0.26180388101676727 0.3073655043997233 0.2966633518030152 0.3674651575551583 0.4945568722257576
0 0.09595924687500004 0.1329548578125 1.668966118662454e-17 0.1329548578125 5.633129897042998e-17 0.7803519328124999 0.09595924687500008 0.7803519328124999
0 0.6785831632850068 0.4872733140002284 0.4779363861181383 0.11201745076985117 0.386708864205288 0.16079619096903036 0.5873556413721565 0.5360520541994076
0 0.33744344268672755 0.40270273997134176 0.3316743283392916 0.19402528083394893 0.158566823958139 0.1988110252612692 0.1643359383055749 0.40748848439866203
0 0.8641184240159584 0.08813683715163609 0.8309160078070968 0.03233570436856019 0.7055463682835275 0.10693230740882967 0.7387487844923889 0.16273344019190555
0 0.7814775070101975 0.12126408319860693 0.74742906583225 0.011764615893009278 0.5530360209808436 0.0722103907984992 0.5870844621587911 0.18170985810409684
0 0.41312672113998483 0.2958467995634816 0.3830240736544842 0.017991214327792476 0.23986958591672827 0.033500454772542695 0.2699722334022289 0.31135604000823186
1 0.7846250934340288 0.0635834036710888 0.7663207752261639 -0.012159454551332004 0.716005225 0 0.7343095432078648 0.07574285822242081
0 0.7420771748298982 0.7792640407252909 0.6016988842625487 0.578505989855861 0.44542114180015746 0.6877818183747537 0.5857994323675069 0.8885398692441836
0 0.543934170698764 0.9334072876495494 0.48622088580667233 0.8492091379755651 0.419065457171083 0.8952405579046643 0.47677874206317467 0.9794387075786485
0 0.7225399013575065 0.7140958874900803 0.6710982756079507 0.705624724802671 0.6442727000669336 0.8685245850011365 0.6957143258164894 0.8769957476885459
0 0.6056733705063326 0.9941042589952277 0.5942732959460046 0.8550325233542418 0.5039367671874999 0.8624376453125002 0.5153368417478279 1.001509380953486
1 0.4840374551172032 0.13173474975662774 0.4438816834095693 -0.0016549383772407333 0.36055134474933354 0.023430914227812582 0.4007071164569675 0.15682060236168108
1 0.46444967266809956 0.7636667947363263 0.3998075388324655 0.7309685955651892 0.3110279171222786 0.9064799183273505 0.3756700509579126 0.9391781174984875