1 0.18747612644614878 0.36660710557204146 0.07086131186172646 0.3422094169881131 0.043677027328112884 0.47214345928857016 0.1602918419125352 0.49654114787249853
0 0.04576201875000009 0.6861105765625 8.473819885211162e-17 0.6861105765625 9.420359997121007e-17 0.8406923078125 0.04576201875000009 0.8406923078125
0 0.973540865625 0.7111105765625002 0.672716346875 0.7111105765625001 0.6727163468750001 1 0.973540865625 1
0 0.7306612617015835 0.12199319637700046 0.6604337318184614 -0.020166579503024806 0.5117996438114354 0.053259287923590116 0.5820271736945575 0.19541906380361537
0 1 0.08888942343750013 0.9360552890625 0.08888942343750011 0.9360552890625 0.3472211531250001 1 0.3472211531250001
0 0.997061892494232 0.4992136135029333 0.9676395761265237 0.40822215501603604 0.8457156190948032 0.44764657238710975 0.8751379354625117 0.538638030874007
0 0.9421008681611399 0.5368180349480426 0.7850457301606697 0.4926663009172213 0.688365955779211 0.8365725062031721 0.8454210937796814 0.8807242402339934
0 0.6531326053329274 0.19259264285385752 0.5111808116067487 0.12615299740454158 0.4727867134645193 0.20818400559145425 0.6147385071906981 0.2746236510407702
2 0.8478852480096892 0.5007888984876411 0.7234014367225564 0.3050954249861402 0.641209206454614 0.35737924364841467 0.7656930177417468 0.5530727171499156
0 0.7533100968750001 0.15380812968750007 0.61586298125 0.15380812968750007 0.61586298125 0.2815869765625001 0.7533100968750001 0.2815869765625001
0 0.24164865036320765 0.651343470439326 0.13465488458203764 0.6173395297735439 0.08274430800192704 0.780676718447294 0.189738073783097 0.814680659113076
0 0.5531250000000002 0.8233173078125 0.31282932656250007 0.8233173078125 0.31282932656250007 1 0.5531250000000002 1
0 0.48453472293022787 0.09661307089114805 0.39017012664301215 0.0730307718181328 0.34785951200225235 0.24233674393210455 0.442224108289468 0.2659190430051198