0 0.14703770805747993 0.3432861129407306 0.01289266835804953 0.3425252937936186 0.012434205824257319 0.42335984564436185 0.14657924552368773 0.4241206647914738
0 0.5033460383850794 0.9036533490163986 0.3858378342838213 0.7720448131379638 0.2644489926216574 0.880428245006156 0.3819571967229155 1.012036780884591
0 0.35010684638525535 0.6710393599151342 0.2424874637908002 0.5985330040842646 0.13497410413693864 0.7581124127307828 0.24259348673139383 0.8306187685616523
0 0.8678710804436742 0.8646309873635312 0.7804614674609409 0.8205489829124415 0.6919116542374933 0.9961332150710032 0.7793212672202265 1.0402152195220928
0 0.5907874209342093 0.7907093415882696 0.47936089605422366 0.6980602187807206 0.39944497521213757 0.7941728755677107 0.5108715000921233 0.8868219983752598
0 0.45970106702016117 0.7269050983815618 0.30614199707541695 0.7204313773461746 0.30273678225215894 0.8012043390421173 0.45629585219690316 0.8076780600775045
0 0.9681141011365686 0.7278259292860947 0.9007620437737625 0.3405066394169488 0.7223447256493113 0.3715321363626235 0.7896967830121175 0.7588514262317693
1 0.18594220474190087 0.24254703068061034 0.10342909534407811 0.1917871109855152 0.018235959101433098 0.3302733539299115 0.10074906849925584 0.3810332736250066
0 0.34914741266220756 0.02731342510385625 0.2422276411401923 0.004007928193772758 0.20430611289416664 0.17798238372561107 0.31122588441618193 0.20128788063569453
1 0.7773852032656909 0.6040748751719244 0.7301001661447104 0.538319119177928 0.5183618550665196 0.6905803736935036 0.5656468921875001 0.7563361296875
0 1.037075256179883 0.42350717228143403 0.9803530917085318 0.08090080958531717 0.7996213336264033 0.11082289400446677 0.8563434980977547 0.45342925670058365
0 0.7455858486916893 0.06429528634471379 0.5662721555862602 -0.031047495536027814 0.49340136628915837 0.10600252640181837 0.6727150593945874 0.20134530828255998