0 0.7738601122587655 0.08483863686283706 0.707909864554022 0.03341128187310001 0.6269032230370557 0.13729389599625344 0.692853470741799 0.1887212509859905
0 0.05549272031250011 0.8197734578125001 1.0039329411360361e-16 0.8197734578125001 1.0468715684400805e-16 0.8898975578125 0.05549272031250011 0.8898975578125
0 0.9607468795303042 0.7407430948534002 0.9172238422566119 0.5705934569278744 0.7554381318194148 0.6119770625091625 0.7989611690931072 0.7821267004346882
0 0.9447921676780263 0.4349452326474196 0.7520354440576822 0.36849910913298733 0.7126193522900812 0.48284312658934603 0.9053760759104252 0.5492892501037782
0 0.7456240140625001 0.9496811796875001 0.5255614734375003 0.9496811796875001 0.5255614734375003 1 0.7456240140625001 1
0 0.7817712139884365 0.6244392179021605 0.6556062885313244 0.620167208623783 0.6506806469335962 0.7656358077092837 0.7768455723907083 0.7699078169876612
0 0.854569588908112 0.5622940074277037 0.7942244266362083 0.5082594947597511 0.6913119934605227 0.6231909926700935 0.7516571557324263 0.6772255053380462
0 0.49218161986204345 0.8862482831242066 0.24871248874678117 0.5765892534931952 0.1059218010347732 0.6888583021626926 0.3493909321500355 0.9985173317937039
1 0.704589141674036 0.03705105211211057 0.549098025210806 -0.0023360049650930303 0.5249716378437435 0.09290946870854612 0.6804627543069734 0.1322965257857497
0 0.46585758948197553 0.06508729777426614 0.31500346454243106 -0.02602072801989832 0.25851329071117696 0.06751412433492486 0.40936741565072143 0.15862215012908934
2 0.6384399390625 0.7214114624999999 0.6225975408602918 0.6419840579626663 0.3668355292124263 0.6929977308520876 0.3826779274146344 0.7724251353894213
0 0.17263354509826762 0.774894148161951 0.02106876552686019 0.4509807489101753 -0.12003729920411017 0.5170067597097919 0.031527480367297266 0.8409201589615677
0 0.20622898359817352 0.20601467669801338 0.04830280147671287 0.18045988647152633 0.015005040517330148 0.38623689402676437 0.17293122263879082 0.4117916842532514