0 0.1494136656665914 0.39428271976537 0.028104703697886 0.3429231126741645 -0.004501126137992739 0.41993654006457753 0.11680783583071266 0.471296147155783
0 1 0.8361105765625 0.9376177890624999 0.8361105765625 0.9376177890624999 1 1 1
0 0.6924581443468254 0.14516611696614387 0.6361610979613446 -0.007519382256493135 0.4706210482319665 0.05351729709889599 0.5269180946174473 0.20620279632153302
0 0.44795031423031456 0.27861063948781867 0.4279396512299452 0.08723591734350832 0.2988777041544576 0.10073098659905817 0.3188883671548268 0.2921057087433685
0 0.9985312499999999 0.11944471093750013 0.9016923078125 0.11944471093750011 0.9016923078125 0.3500000000000001 0.9985312499999999 0.3500000000000001
0 0.7166403032365537 0.2859409985271701 0.6912008917556577 0.16356030699017024 0.5493209819721163 0.1930530428174121 0.5747603934530123 0.3154337343544119
0 0.6060202185866973 0.21748238087318916 0.4695439643759718 0.1407698809705841 0.42975754751646883 0.21155236294347352 0.5662338017271943 0.28826486284607855
0 1.020278013310655 0.5186079029335129 0.8773104604787964 0.4074521585724636 0.6360067326899559 0.7178149171458688 0.7789742855218147 0.8289706615069182
1 0.10153850124471846 0.5756149119287179 0.09133277938411265 0.4133430620193983 -0.005352309923806286 0.41942385255759607 0.0048534119367995236 0.5816957024669158
0 0.19308550450437756 0.6751230685087385 0.08773968126568157 0.645504807720173 0.03954634226933309 0.8169182140452304 0.14489216550802908 0.8465364748337958
1 0.7937767916159826 0.5383318047066782 0.6783052890624999 0.30448798125 0.6056846222670107 0.3403478871793284 0.7211561248204934 0.5741917106360065
0 0.8952043265625 0.7488894234375001 0.5883653843750002 0.7488894234375001 0.5883653843750002 1 0.8952043265625 1
0 0.5122884609375002 0.8447812499999999 0.3063221156250001 0.8447812499999999 0.3063221156250001 1 0.5122884609375002 1