0 0.7800216827943967 0.07386873186954532 0.5839614739007755 -0.00534473461941456 0.5557011884367443 0.06460192618280558 0.7517613973303655 0.14381539267176546
0 0.7708988656833292 0.22094560618852627 0.5547269388810582 0.049206690452471766 0.5050465039511682 0.11174065543729055 0.7212184307534393 0.28347957117334505
0 0.26703742935264946 0.3831546193283583 0.1630254649464446 0.25688272942976764 0.020740407218117717 0.37408496954717574 0.1247523716243226 0.5003568594457664
0 0.358668347068147 0.23126197741452845 0.31487765133544865 0.12429520790176689 0.17957246039822822 0.17968725605256747 0.22336315613092667 0.28665402556532904
0 0.37921885554229723 0.1480106058376033 0.24396259093825984 0.11207807051139207 0.23153803760582573 0.15884623362213235 0.3667943022098631 0.1947787689483436
1 0.24507963021653517 0.7853368076266289 0.02550057116093969 0.6754179853942315 -0.005761001745574079 0.7378675879645453 0.2138180573100214 0.8477864101969427
0 0.7003626456565574 0.8195507367773323 0.3429848340270426 0.7240339658600033 0.29989634400772314 0.8852503692375061 0.6572741556372379 0.9807671401548349
0 1 0.13230646093750015 0.8614478390625001 0.13230646093750012 0.8614478390625001 0.2278750750000001 1 0.2278750750000001
0 1 0.44023540000000017 0.8913694281250001 0.44023540000000017 0.8913694281250001 0.6398620171875001 1 0.6398620171875001
0 0.9474154062303899 0.7273415914200982 0.7621056768074649 0.6524716007821254 0.6579434315103887 0.9102822045715662 0.8432531609333138 0.9851521952095389
2 0.5056028730990432 0.7120227043973573 0.4136547885060165 0.5475060463459093 0.3624803663535937 0.5761073451614903 0.45442845094662043 0.7406240032129383
2 0.3668025894237599 0.24267100557720203 0.28870478071376887 0.22476888183869065 0.2743455729524491 0.2874107603862141 0.3524433816624401 0.30531288412472557
0 0.31697036900422 0.29300143155219016 0.22914232226200557 0.2713095560834245 0.2055575035010576 0.3668019245291977 0.29338555024327195 0.38849379999796335