0 0.10567220778944071 0.3206769879489081 0.032165824165315535 0.30370670232505015 -0.014464318173111357 0.5056840412542909 0.0590420654510138 0.5226543268781487
0 0.23070367950205317 0.2824406693750311 0.15248013034873192 0.24724469497956073 0.026603629498924586 0.5270069922478583 0.10482717865224582 0.5622029666433288
0 1 0.08711497031250012 0.9239151250000001 0.08711497031250011 0.9239151250000001 0.23379583750000008 1 0.23379583750000008
0 0.5590541279146558 0.8705718810401354 0.42103655436163495 0.7483730597224878 0.31259033718219154 0.8708577416099157 0.45060791073521245 0.9930565629275634
0 0.3111399881344513 0.8061441902916779 0.23526351369231824 0.6811700545978858 0.13646405820010327 0.7411549012058234 0.21234053264223635 0.8661290368996157
0 0.19179761614679564 0.6621373359837341 0.14161701469013582 0.6615538654871141 0.13999680214354013 0.8008980834840408 0.19017740360019994 0.8014815539806607
1 0.8710169910152523 0.7264316716376773 0.7919585969405161 0.7062619113246965 0.7309212524152068 0.9455069178036158 0.809979646489943 0.9656766781165966
0 0.9318330529425282 0.26265370830012935 0.7653957988415596 0.2466444566139418 0.7299516890558548 0.6151326547147749 0.8963889431568235 0.6311419064009623
0 0.19057731136464817 0.03290311085896926 0.10036974083354815 0.008482780499876056 0.05130630690144091 0.18972083550761648 0.14151387743254093 0.21414116586670967
0 0.5445842890625 5.4139271326306607e-17 0.339577109375 4.1586202005980444e-17 0.339577109375 0.10664065937500004 0.5445842890625 0.10664065937500007
0 0.8820611749854926 0.07505371831615618 0.6111300836869332 0.012504347550213124 0.5661706955011693 0.20724485342780147 0.8371017867997287 0.2697942241937445
2 0.31786969066339815 0.6739393859519055 0.2559122946469366 0.6612073353755481 0.23998502847744976 0.7387134630495098 0.30194242449391134 0.7514455136258671
0 0.39080077983016404 0.7991950054118954 0.39019687613960785 0.7090583979319247 0.2914368521681178 0.7097200774051515 0.29204075585867406 0.7998566848851223