0 0.5461927097692253 0.06074535863296863 0.533092707857915 -0.013548443856873338 0.3284602652649569 0.022533776991230058 0.34156026717626725 0.09682757948107203
0 0.5723769401927784 0.08473110106339851 0.5413231023954155 0.00477273650635579 0.2553563434438191 0.11583510499170868 0.286410181241182 0.1957934695487514
0 0.20495185781250008 0.8842550203125 0.06070254687500011 0.8842550203125 0.06070254687500012 1 0.20495185781250008 1
0 0.9894771584962856 0.432255796603506 0.8527839059905864 0.29990956298488985 0.7385057174258083 0.4179413109105206 0.8751989699315074 0.5502875445291368
0 0.8634885038841856 0.19271936858192434 0.7032426170476641 0.19178266441584274 0.7025841051292457 0.3044370436536176 0.8628299919657673 0.3053737478196992
0 0.816754592593081 0.19442468305499755 0.8147756566023828 0.1458684380662387 0.6749518179349467 0.15156703413273054 0.6769307539256448 0.2001232791214894
1 0.9451738273708508 0.8132740668277112 0.9291693051672351 0.7332684151618544 0.687057728363696 0.781700994936194 0.7030622505673116 0.8617066466020509
0 0.6067652777063326 0.7193989388110007 0.23316721874347485 0.7031247981486757 0.22576822114936118 0.872980226879917 0.5993662801122189 0.889254367542242
0 0.23329464138808254 0.1284649271784502 0.2136288747722245 0.03710291909958193 0.030071419919621943 0.07661385087130945 0.049737186535479996 0.16797585895017772
0 0.10720532031250005 0.29279512812499997 3.585706164642204e-17 0.29279512812499997 4.836087462005565e-17 0.496997890625 0.10720532031250005 0.496997890625
0 0.23599207510125408 0.7127078957741992 0.02081803801910964 0.5371868266366098 -0.10430107139989153 0.6905723092005565 0.11087296568225291 0.8660933783381459
2 0.7533214932474057 0.28930414765438073 0.7438494894530681 0.2267653175662631 0.6656160136771684 0.23861440042165763 0.6750880174715059 0.3011532305097752
0 0.8172110420747114 0.2930516474643673 0.7269755152497631 0.2898147829219285 0.7234358808296284 0.3884907616293738 0.8136714076545767 0.3917276261718126