0 0.7745144234375 8.981636165371634e-17 0.6825360578125 8.41843111010433e-17 0.6825360578125 0.06481490312500009 0.7745144234375 0.06481490312500009
1 0.6195590807808049 0.4765716879270855 0.45112253563219024 -0.022710565284433847 0.21397632746063916 0.05729245453567587 0.38241287260925383 0.5565747077471952
0 0.34238461562500005 0.13888942343750005 0.16016105781250004 0.13888942343750002 0.16016105781250006 0.55246875 0.3423846156250001 0.55246875
0 0.17231009687500004 0.08950721093750001 2.287513632511947e-17 0.0895072109375 5.632609871828357e-17 0.635802884375 0.17231009687500007 0.635802884375
1 0.682002403125 7.66277104035369e-17 0.5648605765625 6.94548422562349e-17 0.5648605765625 0.13271634687500009 0.682002403125 0.13271634687500009
1 0.5732019234375 6.105762170339499e-17 0.42076201874999997 5.172336963650126e-17 0.42076201874999997 0.17283894218750004 0.5732019234375 0.17283894218750007
0 0.45969682434332554 0.14223221804716377 0.3904658927869347 -0.03560753548180799 0.2856657340470778 0.005189937933695521 0.3548966656034686 0.1830296914626673
1 0.9543025067609809 0.6203842990527589 0.8896700933782296 0.6094863856275521 0.8703234607429906 0.7242257407001272 0.934955874125742 0.7351236541253341
0 0.6486281477369747 0.9980625904436178 0.48563528172846093 0.3656147597233671 0.16294172647989286 0.44877853206573093 0.3259345924884066 1.0812263627859817
1 0.8182978898766832 0.9473497537298577 0.7408257155418225 0.704590655934299 0.6609242165961234 0.7300897738340983 0.7383963909309841 0.972848871629657
0 0.9300426244438927 0.9951386334221131 0.8727400850555702 0.8556817080469109 0.7934993717687379 0.888241540282284 0.8508019111570604 1.027698465657486
0 0.7982075874149183 0.06817163089053013 0.6710120633820371 0.03956253701944461 0.6374173601635856 0.18892399180214098 0.7646128841964668 0.21753308567322654
0 0.20101967208036778 0.3158834497584767 0.1779371361085273 -0.012507178909493539 -0.007652175784064408 0.0005378704730855841 0.015430360187776099 0.3289284991410558
0 0.9644529242874927 0.31726066774390166 0.9574868758863682 0.04473567361866064 0.856581034633223 0.04731494153638627 0.8635470830343476 0.3198399356616273