2 0.2968750000000001 0.41875 0.08281250000000004 0.41875 0.08281250000000008 0.8265625 0.2968750000000001 0.8265625
2 0.28906250000000006 0.07500000000000004 0.1140625 0.07500000000000002 0.11406250000000002 0.4546875 0.2890625000000001 0.4546875
2 0.4046875 0.05781250000000003 0.2703125 0.057812500000000024 0.27031250000000007 0.4703125 0.4046875 0.4703125
2 0.478125 0.30312500000000003 0.2984375 0.303125 0.2984375 0.6546875 0.478125 0.6546875
2 0.4718750000000001 0.46875 0.37968750000000007 0.46875 0.37968750000000007 0.796875 0.47187500000000016 0.796875
2 0.5078125 0.14843750000000006 0.396875 0.14843750000000006 0.39687500000000003 0.3703125000000001 0.5078125 0.3703125000000001
2 0.5984375 0.17812500000000006 0.5140625 0.17812500000000003 0.5140625 0.3734375000000001 0.5984375 0.3734375000000001
2 0.596875 0.2812500000000001 0.45625 0.2812500000000001 0.45625 0.5359375 0.596875 0.5359375
2 0.6531250000000001 0.534375 0.45625 0.534375 0.4562500000000001 0.846875 0.6531250000000002 0.846875
2 0.6640625 0.4390625 0.509375 0.4390625 0.509375 0.6734375 0.6640625 0.6734375
2 0.7484375 0.07343750000000007 0.5484375 0.07343750000000007 0.5484375 0.3812500000000001 0.7484375 0.3812500000000001
2 0.8265625 0.3750000000000001 0.6046875 0.3750000000000001 0.6046875 0.5562500000000001 0.8265625 0.5562500000000001
2 0.9390625 0.5359375000000001 0.6515625 0.5359375 0.6515625 0.7671875000000001 0.9390625 0.7671875000000001
2 0.928125 0.3375000000000001 0.8078125 0.3375000000000001 0.8078125 0.5750000000000002 0.928125 0.5750000000000002
2 0.896875 0.0953125000000001 0.7640625 0.09531250000000009 0.7640625 0.3390625000000001 0.896875 0.3390625000000001