2 0.9875 0.23593750000000008 0.6734375 0.23593750000000008 0.6734375 0.6875000000000001 0.9875 0.6875000000000002
2 0.8609375 0.5984375000000001 0.59375 0.5984375 0.5937500000000001 1 0.8609375 1
2 0.7140625 0.5546875 0.478125 0.5546875 0.4781250000000001 0.9875 0.7140625000000002 0.9875
2 0.7343750000000001 0.3578125000000001 0.4703125 0.3578125000000001 0.4703125000000001 0.7437500000000001 0.7343750000000002 0.7437500000000001
2 0.6921875 0.2218750000000001 0.5203125 0.2218750000000001 0.5203125 0.5625 0.6921875 0.5625
2 0.5671875000000001 0.6234375 0.403125 0.6234375 0.40312500000000007 0.8671875 0.5671875000000002 0.8671875
2 0.4546875000000001 0.596875 0.3218750000000001 0.596875 0.3218750000000001 0.809375 0.4546875000000002 0.809375
2 0.553125 0.440625 0.3515625000000001 0.440625 0.3515625000000001 0.7234375 0.553125 0.7234375
2 0.6328125 0.12500000000000006 0.3625 0.12500000000000006 0.36250000000000004 0.478125 0.6328125 0.478125
2 0.534375 0.29218750000000004 0.3265625 0.2921875 0.32656250000000003 0.5578125 0.534375 0.5578125
2 0.4234375000000001 0.5515625 0.15000000000000008 0.5515625 0.15000000000000008 0.9 0.4234375000000002 0.9
2 0.4140625 0.3609375 0.15312500000000004 0.3609375 0.15312500000000007 0.59375 0.4140625 0.59375
2 0.4234375 0.1296875 0.08437500000000002 0.1296875 0.08437500000000003 0.428125 0.4234375 0.428125
2 0.22343750000000004 0.3171875 0.04375000000000003 0.3171875 0.04375000000000005 0.578125 0.2234375000000001 0.578125
2 0.20312500000000008 0.553125 0.012500000000000067 0.553125 0.012500000000000084 0.8234375 0.20312500000000008 0.8234375