2 0.4171875 0.05625000000000002 0.08125 0.05625 0.08125000000000003 0.5109375 0.4171875 0.5109375
2 0.28593750000000007 0.4171875 5.109073365192864e-17 0.4171875 7.654042494670957e-17 0.8328125 0.28593750000000007 0.8328125
2 0.4000000000000001 0.453125 0.13906250000000003 0.453125 0.13906250000000006 0.8875 0.4000000000000002 0.8875
2 0.5296875 0.28906250000000006 0.2453125 0.2890625 0.24531250000000004 0.6796875 0.5296875 0.6796875
2 0.5703125 0.17968750000000006 0.3765625 0.17968750000000006 0.3765625 0.5203125 0.5703125 0.5203125
2 0.46562500000000007 0.5890625 0.2890625000000001 0.5890625 0.2890625000000001 0.834375 0.4656250000000002 0.834375
2 0.5531250000000001 0.625 0.409375 0.625 0.4093750000000001 0.8375 0.5531250000000002 0.8375
2 0.6031250000000001 0.453125 0.38750000000000007 0.453125 0.38750000000000007 0.7390625 0.6031250000000001 0.7390625
2 0.7578125 0.15781250000000008 0.4703125 0.15781250000000005 0.4703125 0.5171875000000001 0.7578125 0.5171875000000001
2 0.7109375 0.3390625000000001 0.4890625 0.3390625000000001 0.4890625 0.6109375 0.7109375 0.6109375
2 0.6968750000000001 0.628125 0.4078125 0.628125 0.4078125000000001 0.984375 0.6968750000000001 0.984375
2 0.828125 0.48125000000000007 0.559375 0.48125 0.559375 0.7250000000000001 0.828125 0.7250000000000002
2 1 0.2968750000000001 0.6546875 0.2968750000000001 0.6546875 0.6093750000000001 1 0.6093750000000002
2 0.9296875 0.5296875000000002 0.7390625 0.5296875000000002 0.7390625000000001 0.7937500000000002 0.9296875 0.7937500000000002
2 0.821875 0.7375 0.6171875000000002 0.7375 0.6171875000000002 1 0.821875 1