2 0.9234375 0.11250000000000011 0.6484375 0.11250000000000009 0.6484375 0.5484375000000001 0.9234375 0.5484375000000001
2 0.9484375 0.4843750000000001 0.715625 0.484375 0.7156250000000001 0.8875 0.9484375 0.8875
2 0.7968750000000001 0.4937500000000001 0.6 0.49375 0.6000000000000001 0.921875 0.7968750000000002 0.921875
2 0.7296875 0.3156250000000001 0.496875 0.3156250000000001 0.496875 0.690625 0.7296875 0.6906250000000002
2 0.6234375 0.18750000000000006 0.48125 0.18750000000000006 0.48125 0.5265625 0.6234375 0.5265625
2 0.6562500000000001 0.6125 0.5125 0.6125 0.5125000000000001 0.8484375 0.6562500000000002 0.8484375
2 0.5375000000000001 0.628125 0.4234375 0.628125 0.4234375000000001 0.834375 0.5375000000000002 0.834375
2 0.5781250000000001 0.4578125 0.4 0.4578125 0.4000000000000001 0.73125 0.5781250000000002 0.73125
2 0.5390625 0.15156250000000004 0.2953125 0.15156250000000004 0.29531250000000003 0.490625 0.5390625 0.490625
2 0.5 0.3296875 0.3109375 0.3296875 0.31093750000000003 0.5859375 0.5 0.5859375
2 0.51875 0.625 0.2734375000000001 0.625 0.2734375000000001 0.9609375 0.5187500000000002 0.9609375
2 0.415625 0.4609375 0.16875000000000004 0.4609375 0.16875000000000007 0.675 0.415625 0.675
2 0.3453125 0.2609375 0.025000000000000033 0.2609375 0.02500000000000005 0.534375 0.3453125000000001 0.534375
2 0.2218750000000001 0.475 0.06562500000000007 0.475 0.06562500000000007 0.728125 0.2218750000000001 0.728125
2 0.3031250000000001 0.7015625 0.13437500000000008 0.7015625 0.1343750000000001 0.9625 0.3031250000000001 0.9625