1 0.25810063383446213 0.5121932690137193 0.03252467709665585 0.41175807377982504 0.0016976594170361459 0.48099509761653236 0.22727361615484246 0.5814302928504266
2 0.48863955439548346 0.8314251145304754 0.3973050944846396 0.6472106384816204 0.11098123031046611 0.7891714444662623 0.20231569022131005 0.9733859205151173
1 0.8935188235333322 0.6411187569403901 0.8739506095568105 0.4194055833486372 0.2192093638611353 0.4771924824646033 0.238777577837657 0.6989056560563561
0 0.5577810811351024 0.5042739459136473 0.31641959887519433 0.49297323227902884 0.3098797387750035 0.6326520506785173 0.5512412210349116 0.6439527643131358
0 0.8615437654818482 0.8889548373553333 0.34690209503881003 0.7620369232267061 0.3069029056882721 0.9242303359144197 0.8215445761313103 1.0511482500430467
0 0.4911527817968747 0.9097289254388082 0.27343885604743 0.8580701488209606 0.2498872854496797 0.9573273366233893 0.46760121119912446 1.008986113241237
0 0.7994536099556138 0.7491241850449989 0.41139965629761094 0.6564947628974841 0.3850841197051299 0.7667388708773599 0.7731380733631328 0.8593682930248747
0 1.0065394339278486 0.5474647009841288 0.8062758106836411 0.49004003075327346 0.7150053908182923 0.8083378094566449 0.9152690140624997 0.8657624796875002
0 0.5993375501317297 0.035852038408158135 0.22252567900587 0.006743792185053425 0.20890939552206475 0.18300921257442193 0.5857212666479246 0.21211745879752666
1 0.6961056388652388 0.06432194082972717 0.4503294093023323 -0.05170002253390375 0.4042008673625578 0.04601681300747844 0.6499770969254642 0.16203877637110936
0 0.41695011404253507 0.6907035765311819 0.2876446420659528 0.5485412139137955 0.016752483750180146 0.7949344064639886 0.14605795572676242 0.937096769081375
0 0.34441239997330425 0.6575676513506369 0.29092631176906 0.5452493024650488 -0.03840105155347802 0.7020752581304337 0.01508503665076626 0.8143936070160217
0 0.18208512731440224 0.14953363962064808 0.08936796760809426 0.11934341311102963 0.04152231186988932 0.2662821352474421 0.13423947157619728 0.29647236175706054
0 0.24913075624999997 2.4015534408799263e-17 0.12045045000000001 1.6136138150681084e-17 0.12045045000000001 0.15675694375000002 0.24913075624999997 0.15675694375000004
1 0.5792975595687413 0.28740797070180124 0.31741613660213097 0.21231468503044573 0.2860657015900487 0.32164665070734644 0.547947124556659 0.396739936378702
0 0.5197968022014393 0.41199768809090703 0.04912271534634518 0.2642158433494311 -0.0015953334070742064 0.42574902305664103 0.4690787534480199 0.573530867798117