0 0.2421875 1.4829707333424978e-17 0 0 2.1335643453895294e-17 0.3484375 0.2421875 0.3484375
1 0.12031250000000007 0.33125 4.0566425221756075e-17 0.33125 5.845774955304943e-17 0.6234375 0.12031250000000009 0.6234375
0 0.26250000000000007 0.6140625 7.520096751014216e-17 0.6140625 9.883282371243874e-17 1 0.26250000000000007 1
0 0.27656250000000004 0.2046875 0.11562500000000005 0.2046875 0.11562500000000006 0.68125 0.2765625000000001 0.68125
0 0.425 0.040625000000000036 0.215625 0.04062500000000002 0.21562500000000004 0.51875 0.425 0.51875
0 0.484375 4.468047306264171e-17 0.2453125 3.004211679158351e-17 0.2453125 0.14531250000000004 0.484375 0.14531250000000004
0 0.678125 6.859935585848846e-17 0.4421875 5.415235064979703e-17 0.4421875 0.2531250000000001 0.678125 0.2531250000000001
0 0.634375 0.15156250000000007 0.3609375 0.15156250000000004 0.3609375 0.475 0.634375 0.475
0 0.5125000000000001 0.4625 0.2328125000000001 0.4625 0.2328125000000001 0.84375 0.5125000000000002 0.84375
0 0.5046875000000002 0.8125 0.2656250000000001 0.8125 0.2656250000000001 1 0.5046875000000002 1
0 0.7187500000000001 0.6828125 0.409375 0.6828125 0.4093750000000001 1 0.7187500000000002 1
2 0.8046875 0.3046875000000001 0.575 0.3046875000000001 0.575 0.6781250000000001 0.8046875 0.6781250000000002
0 0.6703125000000001 0.3734375000000001 0.503125 0.3734375000000001 0.503125 0.7515625 0.6703125000000002 0.7515625
0 0.9109375 9.730201521350454e-17 0.678125 8.304636106717989e-17 0.678125 0.2078125000000001 0.9109375 0.2078125000000001
0 1 0.021875000000000113 0.840625 0.021875000000000106 0.840625 0.2484375000000001 1 0.2484375000000001
0 1 0.2218750000000001 0.8390625 0.2218750000000001 0.8390625 0.6281250000000002 1 0.6281250000000002
0 1 0.6953125000000002 0.796875 0.6953125000000002 0.7968750000000001 1 1 1