0 0.20000000000000004 0.15625000000000003 1.9135106236677395e-17 0.15625 4.4584797531458325e-17 0.571875 0.2000000000000001 0.571875
0 0.2078125000000001 0.5078125 6.218909526920153e-17 0.5078125 8.15155525682457e-17 0.8234375 0.2078125000000001 0.8234375
0 0.4953125000000001 0.703125 0.09375000000000008 0.703125 0.09375000000000011 1 0.49531250000000016 1
0 0.37343750000000003 0.32656250000000003 0.028125000000000046 0.3265625 0.028125000000000074 0.8265625 0.3734375000000001 0.8265625
0 0.440625 0.11562500000000002 0.04843750000000001 0.115625 0.04843750000000004 0.6375 0.440625 0.6375
1 0.334375 0.05468750000000002 0.0578125 0.0546875 0.057812500000000024 0.2875 0.334375 0.2875
0 0.55625 4.8507494309977197e-17 0.2359375 2.8894010417382865e-17 0.2359375 0.30000000000000004 0.55625 0.3000000000000001
0 0.6109375 0.12812500000000007 0.2265625 0.12812500000000004 0.22656250000000006 0.5359375 0.6109375 0.5359375
0 0.6578125000000001 0.4609375 0.24218750000000008 0.4609375 0.24218750000000008 0.925 0.6578125000000001 0.925
0 0.7140625000000002 0.78125 0.4187500000000002 0.78125 0.4187500000000002 1 0.7140625000000002 1
0 0.909375 0.5750000000000001 0.4953125 0.575 0.4953125000000001 0.9921875 0.909375 0.9921875
2 0.8515625 0.19375000000000006 0.4859375 0.19375000000000003 0.4859375 0.628125 0.8515625 0.6281250000000002
0 0.7593750000000001 0.3140625000000001 0.45 0.3140625000000001 0.45000000000000007 0.7265625000000001 0.7593750000000001 0.7265625000000002
0 0.7484375 7.338313241765781e-17 0.45 5.5109105961630896e-17 0.45 0.16093750000000007 0.7484375 0.1609375000000001
0 0.846875 8.897824400054988e-17 0.60625 7.424421219830829e-17 0.60625 0.1281250000000001 0.846875 0.1281250000000001
0 1 0.03593750000000011 0.6890625 0.03593750000000009 0.6890625 0.4718750000000001 1 0.47187500000000016
0 1 0.4656250000000002 0.8515625 0.4656250000000002 0.8515625 0.8265625 1 0.8265625