0 1 0.025000000000000105 0.6859375 0.025000000000000088 0.6859375 0.3140625000000001 1 0.3140625000000001
0 0.7359375 7.137394626280668e-17 0.4296875 5.262154215086284e-17 0.4296875 0.14687500000000006 0.7359375 0.1468750000000001
0 0.45625 3.023346785395028e-17 0.0375 4.592425496802574e-18 0.03750000000000002 0.24843750000000003 0.45625 0.2484375000000001
0 0.8453125 0.09531250000000008 0.3515625 0.09531250000000005 0.3515625 0.32031250000000006 0.8453125 0.3203125000000001
0 0.9953125 0.2156250000000001 0.4921875 0.2156250000000001 0.4921875 0.48906250000000007 0.9953125 0.4890625000000002
1 1 0.2968750000000001 0.853125 0.2968750000000001 0.853125 0.5515625000000002 1 0.5515625000000002
0 1 0.4765625000000001 0.7203125 0.4765625 0.7203125000000001 0.7453125 1 0.7453125000000002
0 0.8640625 0.3656250000000001 0.5078125 0.3656250000000001 0.5078125 0.6812500000000001 0.8640625 0.6812500000000001
0 0.575 0.18750000000000006 0.15781250000000005 0.1875 0.15781250000000005 0.5171875 0.575 0.5171875
0 0.22343750000000004 0.19843750000000002 0.004687500000000025 0.1984375 0.004687500000000041 0.4609375 0.2234375000000001 0.4609375
0 0.33125000000000004 0.340625 4.171453159595672e-17 0.340625 6.31458505810354e-17 0.690625 0.3312500000000001 0.690625
2 0.6828125 0.55 0.2828125000000001 0.55 0.2828125000000001 0.8296875 0.6828125000000002 0.8296875
0 0.625 0.46875 0.22812500000000008 0.46875 0.22812500000000008 0.6859375 0.625 0.6859375
0 0.9703125 0.7171875000000002 0.7328125 0.7171875000000002 0.7328125000000001 0.9765625 0.9703125 0.9765625
0 0.9265625 0.871875 0.6796875000000002 0.871875 0.6796875000000002 1 0.9265625 1
0 0.7281250000000001 0.8171875 0.3031250000000001 0.8171875 0.3031250000000001 1 0.7281250000000001 1
0 0.2640625000000001 0.7234375 8.859554187581634e-17 0.7234375 1.0352092474042469e-16 0.9671875 0.2640625000000001 0.9671875