0 0.8265625 7.55836696348757e-17 0.4078125 4.9942627277728e-17 0.4078125 0.2000000000000001 0.8265625 0.2000000000000001
1 0.478125 3.922696778518866e-17 0.1625 1.990051048614449e-17 0.16250000000000003 0.21718750000000003 0.478125 0.2171875000000001
0 0.290625 0.10625000000000002 1.3011872240940627e-17 0.10625 3.807886141098801e-17 0.515625 0.2906250000000001 0.515625
0 0.6625 0.02500000000000005 0.165625 0.025000000000000022 0.16562500000000002 0.38281250000000006 0.6625 0.3828125000000001
0 0.875 0.039062500000000076 0.3546875 0.03906250000000004 0.35468750000000004 0.44218750000000007 0.875 0.4421875000000002
0 0.9375 0.0468750000000001 0.7 0.04687500000000009 0.7 0.32500000000000007 0.9375 0.32500000000000007
0 1 0.2218750000000001 0.69375 0.2218750000000001 0.69375 0.5468750000000001 1 0.5468750000000002
0 0.871875 0.21875000000000008 0.4609375 0.21875000000000008 0.4609375 0.6078125000000001 0.871875 0.6078125000000002
0 0.540625 0.24375000000000005 0.07343750000000002 0.24375 0.07343750000000006 0.6671875 0.540625 0.6671875
0 0.2218750000000001 0.43125 5.281289321322961e-17 0.43125 7.108691966925652e-17 0.7296875 0.2218750000000001 0.7296875
0 0.4359375000000001 0.503125 0.014062500000000061 0.503125 0.014062500000000085 0.921875 0.4359375000000002 0.921875
2 0.8125 0.4781250000000001 0.3765625000000001 0.478125 0.3765625000000001 0.8515625 0.8125 0.8515625
0 0.690625 0.446875 0.27812500000000007 0.446875 0.27812500000000007 0.765625 0.6906250000000002 0.765625
0 1 0.4312500000000002 0.840625 0.4312500000000002 0.840625 0.7328125000000002 1 0.7328125000000002
0 1 0.5859375000000002 0.878125 0.5859375000000002 0.878125 0.83125 1 0.83125
0 0.9734375 0.675 0.5390625 0.675 0.5390625000000001 1 0.9734375 1
0 0.5515625000000002 0.853125 0.18906250000000008 0.853125 0.1890625000000001 1 0.5515625000000002 1