2 0.43777871632022236 0.26699255478027684 0.42178918200061444 -0.007629092379110672 0.1634850518968408 0.007410372994111186 0.1794745862164487 0.28203202015349865
2 0.8989163886950593 0.12169849380314073 0.45052833788671187 -0.08674173756320269 0.379654245518117 0.06571969429018934 0.8280422963264643 0.27415992565653274
2 0.8187073222416263 0.2720781892940919 0.4760737145307489 0.01838597833607909 0.38611423904231446 0.1398841493598712 0.7287478467531917 0.393576360317884
2 1.099754651793313 0.5455317542671799 0.82737935625 0.17600480000000013 0.6558674379095834 0.3024248321727944 0.9282427334528964 0.6719517864399742
0 1 0.23839979218750007 0.9094042703125 0.23839979218750007 0.9094042703125 0.38273684062500013 1 0.38273684062500013
2 0.9116323654122148 0.7808118997749909 0.7524363632580175 0.6518557064062557 0.6391407647439192 0.7917187550427722 0.7983367668981165 0.9206749484115075
2 0.926274933789073 0.47652510771409134 0.6913968452423489 0.31116394404681524 0.5053376042100838 0.575441467988556 0.7402156927568078 0.7408026316558323
2 0.7053052043737639 0.38654743061706237 0.4768580240753069 0.1469352707620118 0.36710370174819473 0.251575475484361 0.5955508820466517 0.4911876353394116
2 0.5929767569411386 0.46615675456126393 0.3574316885810871 0.22456289997488915 0.24176270412397888 0.3373358796424931 0.4773077724840304 0.5789297342288677
2 0.5919467039627236 0.6608470698936385 0.5661273602315983 0.4523074841770027 0.30648318066204405 0.4844541017942525 0.3323025243931695 0.6929936875108883
2 0.38979935954542616 0.4419261041066922 0.08115653034388315 0.20821169204892342 -0.022245478835696365 0.3447641980639178 0.2863973503658467 0.5784786101216866
2 0.3389766484843372 0.5416742979417313 0.012220586477205652 0.3826507143743312 -0.06375179857692341 0.538756097014354 0.26300426343020805 0.6977796805817542
2 0.45390670189024407 0.7223761326268038 0.3392204224897562 0.5082654659417762 0.04209440728027754 0.6674181028704005 0.15678068668076542 0.881528769555428
2 0.533974607022593 0.8996906461797775 0.34969828682464466 0.6966083427755064 0.16290117334500614 0.8661075266955487 0.34717749354295446 1.0691898300998197
2 0.7358850468791177 0.9002049835554118 0.6034750169887941 0.5448287917529708 0.3731055253611619 0.6306624293906623 0.5055155552514855 0.9860386211931031
0 0.84242690625 0.8659316921875002 0.7640176700282689 0.7928138970200623 0.5708135046875 1 0.6492227409092312 1.073117795167438