2 0.884375 0.010937500000000088 0.5453125 0.010937500000000067 0.5453125 0.3343750000000001 0.884375 0.3343750000000001
2 1 0.1578125000000001 0.746875 0.15781250000000008 0.746875 0.6531250000000002 1 0.6531250000000002
2 0.9140625 0.22812500000000008 0.6890625 0.22812500000000008 0.6890625 0.6265625000000001 0.9140625 0.6265625000000001
2 0.93125 0.5593750000000001 0.6 0.559375 0.6000000000000001 1 0.93125 1
2 0.753125 0.5406250000000001 0.4109375 0.540625 0.41093750000000007 0.8625 0.7531250000000002 0.8625
2 0.778125 0.2718750000000001 0.5703125 0.2718750000000001 0.5703125 0.6000000000000001 0.778125 0.6000000000000002
2 0.65 0.21250000000000008 0.434375 0.21250000000000008 0.434375 0.553125 0.65 0.553125
2 0.5453125 5.2525866619679453e-17 0.3125 3.827021247335479e-17 0.31250000000000006 0.37031250000000004 0.5453125 0.3703125000000001
2 0.4234375 0.0031250000000000353 0.159375 0.0031250000000000193 0.15937500000000002 0.39062500000000006 0.4234375 0.3906250000000001
2 0.35468750000000004 0.2359375 0.032812500000000036 0.2359375 0.03281250000000005 0.5546875 0.3546875000000001 0.5546875
2 0.546875 0.34062500000000007 0.2796875 0.340625 0.27968750000000003 0.6140625 0.546875 0.6140625
2 0.22656250000000008 0.4171875 5.109073365192864e-17 0.4171875 6.812097820257152e-17 0.6953125 0.22656250000000008 0.6953125
2 0.46562500000000007 0.5328125 0.11562500000000005 0.5328125 0.11562500000000006 0.86875 0.4656250000000002 0.86875
2 0.5046875000000002 0.78125 0.2968750000000001 0.78125 0.2968750000000001 1 0.5046875000000002 1