2 0.2697325569004954 0.5184206702839366 0.2589479581016979 0.21645193950677521 0.0028825261841606948 0.2255971345816564 0.013667124982958165 0.5275658653588178
2 0.5745868729951725 0.0794232921772573 0.514550221699793 -0.07519164633481115 0.04878822897622557 0.10566274336960475 0.10882488027160511 0.2602776818816732
2 0.5937787671112335 0.2748696224334591 0.5819222857767137 0.12369949846045966 0.15681340413810424 0.1570413744067083 0.16866988547262407 0.3082114983797077
2 0.9973134503942015 0.12112134372666683 0.5184659093749999 0.03977272656250007 0.48190245392686853 0.2549985207166889 0.96074999494607 0.3363471378808557
2 0.8167613640625 1.0002441901663665e-16 0.6434659093749999 8.941313282214506e-17 0.6434659093749999 0.1065340906250001 0.8167613640625 0.1065340906250001
2 1 1.120273492488818e-16 0.8295454546875 1.0159001858302826e-16 0.8295454546875 0.10653409062500012 1 0.10653409062500015
2 1.0098565683689027 0.597231846570122 0.9904205927591464 0.42230806608231697 0.7829129713224086 0.4453644684641767 0.8023489469321646 0.6202882489519816
2 0.8613957733155416 0.2958453298681757 0.5397174509160465 0.20537330342108193 0.46353352576470075 0.47624948690996033 0.7852118481641959 0.566721513357054
2 0.5727762549117494 0.2770082301317257 0.24228546326099884 0.2575675932322013 0.23338068176724142 0.40894886230064653 0.563871473417992 0.428389499200171
2 0.544917857684079 0.41183862146653627 0.2078844873376246 0.3957894117935509 0.20020053449109293 0.5571524058735006 0.5372339048375474 0.573201615546486
2 0.6750226297273166 0.5491368562309203 0.5099370807697351 0.42119555533480924 0.3497396474604991 0.6279019201616395 0.5148251964180807 0.7558432210577506
2 0.4007318744741113 0.6722132143539529 0.3706565141933603 0.5139218509618717 -0.013103388226003099 0.5868362354187157 0.01697197205474794 0.7451275988107968
2 0.4552300668401722 0.8214465360962191 0.41318461230789777 0.6427533528887397 0.04598081241380843 0.7291542462826357 0.08802626694608288 0.9078474294901151
2 0.6179496540787408 0.6940711625563637 0.3880502990797191 0.6156963861005502 0.27928792039991795 0.9347327117829947 0.5091872753989396 1.013107488238808
2 0.7915959928209324 0.9948055116459319 0.7883369586033143 0.7552665199530926 0.5028494532875895 0.7591507040767339 0.5061084875052076 0.9986896957695732
2 0.9454545450000003 0.6318181818750007 0.6062500000000003 0.4622159093750001 0.4963068184375 0.6821022725 0.8355113634375002 0.8517045450000005
0 1 0.5340909093750001 0.8835227265625001 0.5340909093750001 0.8835227265625001 0.8465909093749999 1 0.8465909093749999