2 0.6375377502948975 0.8623947399116749 0.417321111285358 0.7265571882723847 0.26977679412888056 0.9657525597808251 0.48999343313842003 1.1015901114201152
2 0.35400123785824666 0.925138444569717 0.08026158689696819 0.5071562117467583 -0.058492322473504735 0.5980271716535015 0.21524732848777375 1.0160094044764603
2 0.3812899418570385 0.8639648281245821 0.2602915592565701 0.4550777612856708 0.11488996584985751 0.4981051863538116 0.23588834845032602 0.9069922531927229
2 0.2698461333581807 0.5640533005669905 0.24054088227942394 0.08065696269206588 0.016685267671243217 0.09422790743757518 0.04599051875 0.5776242453124999
0 0.07290020312500003 0.3100297546875 3.79676946718486e-17 0.3100297546875 4.6868666509852925e-17 0.45539365624999995 0.07290020312500005 0.45539365624999995
2 0.5547977813115066 0.1792487705845864 0.4891019560587496 -0.01893061721554352 0.3220416468822217 0.036449334252474576 0.38773747213497867 0.23462872205260452
2 0.5340927244100853 0.43964136369447687 0.4498857874986468 0.167519044021923 0.14348711105752338 0.2623326339100006 0.22769404796896175 0.5344549535825546
2 0.46963626242122486 0.777151366931816 0.41006968737238303 0.45066433074696644 0.25994395174080187 0.47805431842536883 0.3195105267896437 0.8045413546102184
2 0.6211732652554348 0.7762990020893397 0.5508849356978198 0.4456184223178366 0.3924917157690048 0.4792859417401784 0.46278004532661965 0.8099665215116815
2 0.7474139928995878 0.436123723403057 0.5153289086366049 0.31639001223255614 0.41914786784311475 0.5028219263429585 0.6512329521060977 0.6225556375134594
2 0.8401981467961296 0.9215078136207862 0.6890889471325308 0.5612937384662073 0.5405096478919258 0.6236225050064694 0.6916188475555245 0.9838365801610482
2 0.9854183107740472 0.816989747758675 0.822111326940019 0.4765534821240408 0.6574753493945917 0.5555292189580406 0.8207823332286199 0.8959654845926746
2 0.9999847162716131 0.38433244308108777 0.6653071303681233 0.3442781659511346 0.6364437949427383 0.5854487003724567 0.9711213808462281 0.6255029775024099
2 0.9865221037626217 0.39034158000197905 0.9233666079673448 0.11190022811614357 0.6897397087353908 0.16489100176443744 0.7528952045306678 0.443332353650273
2 0.7742622210441243 0.09869687720952636 0.5363224295173472 0.03687316482268523 0.44095096603056777 0.403927572646923 0.678890757557345 0.4657512850337642
0 0.755109965625 7.363543108960115e-17 0.4293900953125 5.3690841259756434e-17 0.4293900953125 0.05368385000000007 0.755109965625 0.05368385000000009