1 0.7875 0.09218750000000006 0.440625 0.09218750000000005 0.440625 0.2812500000000001 0.7875 0.2812500000000001
0 0.9734375 0.2296875000000001 0.6421875 0.2296875000000001 0.6421875 0.5328125000000001 0.9734375 0.5328125000000001
0 0.33593750000000006 0.321875 0.08437500000000005 0.321875 0.08437500000000006 0.553125 0.3359375000000001 0.553125
0 0.3078125000000001 0.4140625 0.19218750000000004 0.4140625 0.19218750000000007 0.56875 0.3078125000000001 0.56875
2 0.4265625 0.37968750000000007 0.2671875000000001 0.3796875 0.2671875000000001 0.5734375 0.4265625 0.5734375
2 0.4890625 0.21406250000000004 0.26875 0.2140625 0.26875000000000004 0.37343750000000003 0.4890625 0.3734375000000001
2 0.6703125 0.3437500000000001 0.4359375 0.3437500000000001 0.4359375 0.4484375 0.6703125 0.4484375
0 0.684375 0.23437500000000008 0.48125 0.23437500000000008 0.48125 0.3734375000000001 0.684375 0.3734375000000001
0 0.4828125000000001 0.5546875 0.1843750000000001 0.5546875 0.1843750000000001 0.840625 0.4828125000000002 0.840625
0 0.934375 0.4250000000000001 0.4046875 0.425 0.4046875 0.70625 0.934375 0.7062500000000002
0 0.8296875 0.628125 0.50625 0.628125 0.5062500000000001 0.8484375 0.8296875 0.8484375
0 0.6625000000000002 0.73125 0.34843750000000007 0.73125 0.34843750000000007 0.9015625 0.6625000000000002 0.9015625