1 0.6062500000000002 0.746875 0.2687500000000001 0.746875 0.2687500000000001 0.909375 0.6062500000000002 0.909375
0 0.3703125000000001 0.525 0.06093750000000007 0.525 0.060937500000000075 0.80625 0.3703125000000001 0.80625
0 0.9140625 0.41093750000000007 0.6796875 0.4109375 0.6796875 0.6234375000000001 0.9140625 0.6234375000000002
0 0.8 0.3968750000000001 0.696875 0.3968750000000001 0.696875 0.5437500000000001 0.8 0.5437500000000002
2 0.728125 0.4078125000000001 0.5828125 0.4078125 0.5828125 0.5906250000000001 0.728125 0.5906250000000002
2 0.7562500000000001 0.6125 0.546875 0.6125 0.5468750000000001 0.7562500000000001 0.7562500000000002 0.7562500000000002
2 0.5796875 0.56875 0.3500000000000001 0.56875 0.3500000000000001 0.6546875 0.5796875 0.6546875
0 0.5468750000000001 0.64375 0.3500000000000001 0.64375 0.3500000000000001 0.7671875 0.5468750000000002 0.7671875
0 0.771875 0.14687500000000006 0.49375 0.14687500000000003 0.49375 0.41093750000000007 0.771875 0.4109375000000002
0 0.5796875 0.34375000000000006 0.06562500000000004 0.34375 0.06562500000000006 0.5828125 0.5796875 0.5828125
0 0.4546875 0.19375000000000003 0.14375000000000004 0.19375 0.14375000000000004 0.38906250000000003 0.4546875 0.3890625000000001
0 0.5984375 0.11562500000000006 0.29375 0.11562500000000005 0.29375 0.26093750000000004 0.5984375 0.2609375000000001