1 0.29375000000000007 0.2875 0.046875000000000035 0.2875 0.046875000000000056 0.6515625 0.29375000000000007 0.6515625
0 0.4375000000000001 0.54375 0.08750000000000006 0.54375 0.08750000000000009 0.9125 0.43750000000000017 0.9125
0 0.6984375 0.07187500000000006 0.4328125 0.07187500000000005 0.4328125 0.3515625000000001 0.6984375 0.3515625000000001
0 0.68125 0.2015625000000001 0.5140625 0.2015625000000001 0.5140625 0.3390625000000001 0.68125 0.3390625000000001
2 0.65 0.2578125000000001 0.4375 0.2578125000000001 0.4375 0.4453125 0.65 0.4453125
2 0.4609375 0.18593750000000003 0.26875 0.18593750000000003 0.26875000000000004 0.421875 0.4609375 0.421875
2 0.45625 0.384375 0.3125000000000001 0.384375 0.3125000000000001 0.6234375 0.45625 0.6234375
0 0.3734375000000001 0.384375 0.20312500000000008 0.384375 0.20312500000000008 0.603125 0.3734375000000001 0.603125
0 0.9125 0.2656250000000001 0.5875 0.2656250000000001 0.5875 0.6000000000000001 0.9125 0.6000000000000002
0 0.6703125000000001 0.40625 0.3031250000000001 0.40625 0.3031250000000001 0.95625 0.6703125000000002 0.95625
0 0.7796875000000001 0.5781250000000001 0.5109375 0.578125 0.5109375 0.925 0.7796875000000002 0.925
0 0.8953125 0.4750000000000001 0.675 0.475 0.675 0.8015625 0.8953125 0.8015625