2 0.2671875000000001 0.3828125 4.6881010279859617e-17 0.3828125 7.022583988860603e-17 0.7640625 0.2671875000000001 0.7640625
2 0.27968750000000003 0.09062500000000002 0.003125000000000011 0.090625 0.0031250000000000375 0.51875 0.2796875000000001 0.51875
2 0.4171875 0.03593750000000003 0.103125 0.03593750000000001 0.10312500000000002 0.3375 0.4171875 0.3375000000000001
2 0.609375 0.04062500000000006 0.309375 0.040625000000000036 0.309375 0.32343750000000004 0.609375 0.3234375000000001
2 0.70625 0.007812500000000073 0.509375 0.00781250000000006 0.509375 0.2406250000000001 0.70625 0.2406250000000001
2 0.8484375 0.0546875000000001 0.6890625 0.05468750000000009 0.6890625 0.2375000000000001 0.8484375 0.2375000000000001
2 0.6734375 0.28750000000000003 0.246875 0.2875 0.24687500000000004 0.653125 0.6734375 0.653125
2 0.6484375000000001 0.5640625 0.24375000000000008 0.5640625 0.24375000000000008 1 0.6484375000000002 1
2 0.90625 0.6078125000000001 0.5109375 0.6078125 0.5109375 1 0.90625 1
2 1 0.43437500000000007 0.7078125 0.434375 0.7078125000000001 0.7875000000000001 1 0.7875000000000002
2 0.86875 0.2000000000000001 0.5953125 0.2000000000000001 0.5953125 0.5140625000000001 0.86875 0.5140625000000002
2 1 0.2000000000000001 0.8171875 0.2000000000000001 0.8171875 0.4781250000000002 1 0.4781250000000002