1 0.6332545868495195 0.9597961656215231 0.6188766729184391 0.708182695551172 0.14323821908861178 0.7353620383326429 0.15761613301969227 0.986975508402994
1 0.6026590608037162 0.7491906949474493 0.5681177068258575 0.46595156041279334 0.10422273110529659 0.5225241120527346 0.13876408508315535 0.8057632465873905
1 0.5655138114003051 0.12239085474958415 0.2802778923183068 0.08090198964331649 0.2558988619850883 0.24850780642361206 0.5411347810670866 0.28999667152987973
1 0.9746500247934297 0.8828834910996942 0.572161217034471 0.5737720886959432 0.44065575160882886 0.745003164551951 0.8431445593677876 1.0541145669557022
0 0.9737059899053865 0.610399701089879 0.9337665869988376 0.3764689009814515 0.5291932162696819 0.44554239985942246 0.5691326191762307 0.6794731999678499
1 1.0437441012194353 0.3313099665537147 0.9531102555491284 0.1613715012485819 0.6947005739036627 0.299189994336155 0.7853344195739694 0.4691284596412878
1 0.7571022734375 0.21875000000000008 0.47869318125 0.21875000000000008 0.47869318125 0.44460227343750003 0.7571022734375 0.4446022734375001
0 1.0001500646879902 0.004929128948891466 0.879890478905509 0.0041110364490193185 0.878319959530019 0.23497736218762794 0.9985795453125 0.23579545468750007
0 0.9425590217262941 0.1921015070598898 0.88068181875 0.014204545312500016 0.6713264612178843 0.08702379880028174 0.7332036641941786 0.26492076054767155
0 0.875 8.662984455528695e-17 0.5397727265625 6.610309418518052e-17 0.5397727265625 0.11931818125000007 0.875 0.11931818125000009
0 0.7915651742460316 0.24008461782947554 0.6556357480222869 0.01620086009463715 0.4312330549464969 0.15244535420832822 0.5671624811702416 0.3763291119431666
0 0.6043877514585442 0.004894316872544154 0.25852272656249997 2.983724378680108e-17 0.25650594191134213 0.14251943463155758 0.6023709668073863 0.14741375150410171
0 0.35227272656249997 0.056818181250000044 1.1394085977687403e-17 0.05681818125000002 2.5397504693594832e-17 0.2855113640625 0.35227272656249997 0.2855113640625
0 0.32528409062499997 1.9917906019873188e-17 0 0 9.393597589700624e-18 0.15340909062500002 0.32528409062499997 0.15340909062500002
0 0.24751258940337634 0.5148917200035064 0.24183313977496196 0.12158987228202758 -0.005679449628414329 0.1251640616535211 0 0.5184659093749999
0 0.25568181875000007 0.7798295453125 9.654530873090182e-17 0.7798295453125 1.0898312778474211e-16 0.9829545453125 0.25568181875000007 0.9829545453125
1 0.1979491816126352 0.8001612448461453 0.1965287958625273 0.5118229656978803 -0.0014203857501078772 0.512798084914235 0 0.8011363640625
1 0.551791338276009 0.34984397101641396 0.21962137910659182 0.34740154458923656 0.2181380303004877 0.5491369610075112 0.5503079894699049 0.5515793874346885
1 0.549918872831838 0.2861413432971514 0.22549554802553917 0.1941406978758761 0.18056085921774545 0.3525945986654642 0.5049841840240443 0.4445952440867395
1 1.1522234063227632 0.7020220896296662 0.9232954546875 0.4616477265625002 0.7177163269865119 0.6574373607108015 0.9466442786217751 0.8978117237779675