0 0.3421875 0.059375000000000025 7.271340369937409e-18 0.059375 1.9996186017327874e-17 0.2671875 0.3421875 0.2671875
0 0.6 5.290856874441299e-17 0.2640625 3.2338329539984796e-17 0.2640625 0.15000000000000008 0.6 0.15000000000000008
0 0.8234375 8.476852062848085e-17 0.5609375 6.869503138967185e-17 0.5609375 0.12031250000000009 0.8234375 0.12031250000000009
0 1 1.1586306826308163e-16 0.8921875 1.0926145661142792e-16 0.8921875 0.21875000000000008 1 0.21875000000000008
0 0.9015625 0.018750000000000096 0.7015625 0.018750000000000083 0.7015625 0.22656250000000008 0.9015625 0.22656250000000008
0 0.7125 0.06250000000000008 0.4875 0.06250000000000007 0.4875 0.2812500000000001 0.7125 0.2812500000000001
1 0.528125 0.09843750000000005 0.284375 0.09843750000000004 0.284375 0.27031250000000007 0.528125 0.27031250000000007
0 0.23125000000000004 0.2828125 3.463454228838608e-17 0.2828125 4.889019643471074e-17 0.515625 0.2312500000000001 0.515625
1 0.5296875 0.34687500000000004 0.234375 0.346875 0.23437500000000006 0.5328125 0.5296875 0.5328125
1 0.5203125 0.22656250000000006 0.2265625 0.2265625 0.2265625 0.3609375 0.5203125 0.3609375000000001
1 0.7515625 0.2312500000000001 0.4875 0.2312500000000001 0.4875 0.4437500000000001 0.7515625 0.4437500000000002
1 0.1750000000000001 0.5875 7.1947999449907e-17 0.5875 8.610797806504827e-17 0.81875 0.1750000000000001 0.81875
1 0.5750000000000001 0.471875 0.13125000000000003 0.471875 0.13125000000000006 0.7609375 0.5750000000000002 0.7609375
0 0.9203125 0.4093750000000001 0.5609375 0.409375 0.5609375 0.6500000000000001 0.9203125 0.6500000000000001
1 0.9828125 0.48750000000000016 0.7875 0.48750000000000016 0.7875000000000001 0.8625 0.9828125 0.8625
1 0.91875 0.6250000000000001 0.578125 0.625 0.5781250000000001 0.9546875 0.91875 0.9546875
1 0.6140625000000001 0.7203125 0.1625000000000001 0.7203125 0.16250000000000012 0.9734375 0.6140625000000002 0.9734375
1 0.99375 0.2218750000000001 0.725 0.2218750000000001 0.725 0.4234375000000001 0.99375 0.4234375000000002