0 1 0.4890625000000002 0.7734375 0.4890625000000002 0.7734375000000001 0.8828125 1 0.8828125
0 1 0.22656250000000008 0.790625 0.22656250000000008 0.790625 0.5937500000000002 1 0.5937500000000002
0 0.9453125 0.0203125000000001 0.7390625 0.020312500000000087 0.7390625 0.3078125000000001 0.9453125 0.3078125000000001
0 0.8765625 9.10831056865844e-17 0.6109375 7.481826538540861e-17 0.6109375 0.21250000000000008 0.8765625 0.21250000000000008
0 0.9125 0.14531250000000012 0.628125 0.1453125000000001 0.628125 0.43437500000000007 0.9125 0.4343750000000002
1 0.953125 0.3312500000000001 0.70625 0.3312500000000001 0.70625 0.6187500000000001 0.953125 0.6187500000000001
0 0.8828125 0.6734375000000001 0.5828125 0.6734375 0.5828125000000001 0.9734375 0.8828125 0.9734375
1 0.7390625000000001 0.4171875000000001 0.459375 0.4171875 0.4593750000000001 0.7593750000000001 0.7390625000000002 0.7593750000000001
1 0.8546875 0.3843750000000001 0.6234375 0.3843750000000001 0.6234375 0.70625 0.8546875 0.7062500000000002
1 0.75625 0.16875000000000007 0.4625 0.16875000000000004 0.4625 0.4921875000000001 0.75625 0.49218750000000017
1 0.5968750000000002 0.834375 0.3187500000000001 0.834375 0.3187500000000001 1 0.5968750000000002 1
1 0.6671875 0.4078125 0.2390625000000001 0.4078125 0.2390625000000001 0.925 0.6671875000000002 0.925
1 0.5625 0.07500000000000004 0.209375 0.07500000000000002 0.20937500000000003 0.496875 0.5625 0.496875
0 0.4078125 0.043750000000000025 5.35782974626967e-18 0.04375 2.4779962576497228e-17 0.3609375 0.4078125 0.3609375000000001
0 0.35468750000000004 0.15156250000000002 1.8561053049577072e-17 0.1515625 4.525452624974203e-17 0.5875 0.3546875000000001 0.5875
0 0.4156250000000001 0.475 0.018750000000000055 0.475 0.01875000000000009 0.9859375 0.4156250000000002 0.9859375
0 0.678125 6.563341439180347e-17 0.39375 4.8220467716427034e-17 0.39375 0.26250000000000007 0.678125 0.26250000000000007