0 0.5953125000000001 0.7625 0.22812500000000008 0.7625 0.22812500000000008 1 0.5953125000000001 1
0 0.34843750000000007 0.61875 0.03281250000000008 0.61875 0.0328125000000001 0.9796875 0.34843750000000007 0.9796875
0 0.15312500000000007 0.4515625 5.5300457023997667e-17 0.4515625 7.271340369937409e-17 0.7359375 0.1531250000000001 0.7359375
1 0.16093750000000007 0.3296875 4.0375074159389303e-17 0.3296875 5.759666977239896e-17 0.6109375 0.1609375000000001 0.6109375
0 0.3281250000000001 0.4515625 0.020312500000000056 0.4515625 0.020312500000000074 0.7609375 0.3281250000000001 0.7609375
1 0.4359375000000001 0.6109375 0.15625000000000008 0.6109375 0.1562500000000001 0.9078125 0.4359375000000002 0.9078125
0 0.8 0.7109375000000001 0.4765625 0.7109375 0.4765625000000001 1 0.8 1
0 0.6796875000000001 0.4578125 0.3578125000000001 0.4578125 0.3578125000000001 0.80625 0.6796875000000002 0.80625
1 0.5437500000000001 0.5640625 0.2656250000000001 0.5640625 0.2656250000000001 0.88125 0.5437500000000002 0.88125
0 0.4609375 0.32656250000000003 0.13593750000000004 0.3265625 0.13593750000000007 0.6640625 0.4609375 0.6640625
1 1 0.5828125000000002 0.7578125 0.5828125000000002 0.7578125000000001 0.859375 1 0.859375
1 0.925 0.2906250000000001 0.434375 0.2906250000000001 0.43437500000000007 0.81875 0.925 0.81875
0 0.5875 0.07031250000000004 0.184375 0.07031250000000003 0.184375 0.503125 0.5875 0.503125
1 0.63125 5.166478683902896e-17 0.2125 2.6023744481881253e-17 0.2125 0.27187500000000003 0.63125 0.2718750000000001
1 0.8265625 7.271340369937409e-17 0.3609375 4.420209540672478e-17 0.3609375 0.36250000000000004 0.8265625 0.3625000000000001
0 1 0.1359375000000001 0.615625 0.1359375000000001 0.615625 0.6500000000000001 1 0.6500000000000001
1 0.30781250000000004 0.14062500000000003 1.7221595613009655e-17 0.140625 3.7696159286254463e-17 0.475 0.3078125000000001 0.475