0 0.34466599465016595 0.6481203126462803 0.10734680678768524 0.23894444604113022 -0.10612797596926286 0.3627583515222331 0.13119121189321784 0.7719342181273833
0 0.54993851531689 0.5565587974566106 0.36320835557131403 0.1283907451275295 0.10257586185870227 0.24205627183160647 0.2893060216042782 0.6702243241606877
0 0.8802638075391137 0.4522489384299023 0.836544893512935 0.16734630387345825 0.6691349136837197 0.19303572063393312 0.7128538277098981 0.4779383551903771
0 0.45133992700873593 0.5909749252929843 0.24976941884582357 0.5146706047134201 0.08021016420751823 0.9625894756445824 0.28178067237043064 1.0388937962241467
0 0.7323048767134445 0.8864775241592124 0.5639379010396739 0.5164052509072639 0.35068141642399003 0.6134277839439877 0.5190483920977605 0.9835000571959365
1 0.955062945758395 0.8203254582323144 0.7273758490754988 0.638737435771701 0.6112258380839862 0.7843740169954438 0.8389129347668824 0.9659620394560573
0 0.8469581039640277 0.6442051889905833 0.6763637755753443 0.3978396229201807 0.504087777962827 0.5171310830822693 0.6746821063515103 0.7634966491526718
0 1 0.7445423000000002 0.8984306140625 0.7445423000000002 0.8984306140625 0.8995480578124999 1 0.8995480578124999
1 1 0.5916269218750002 0.827457396875 0.5916269218750002 0.827457396875 0.804452371875 1 0.804452371875
0 1 0.39184899531250006 0.9250970390625 0.39184899531250006 0.9250970390625 0.6476983187500002 1 0.6476983187500002
1 1.0095592187293976 0.511656777066327 0.8190077822666462 0.3289965994933907 0.6380542772348969 0.5177676319917104 0.8286057136976483 0.7004278095646466
1 1.0039919444046668 0.4550716107626476 0.9075512562500002 0.12288828281249997 0.7706695916025823 0.16262827222080162 0.8671102797572487 0.4948116001709493
0 0.8840625962640829 0.222442717422818 0.7401615416659215 -0.028236246810144784 0.5662612606422854 0.0715903737074107 0.7101623152404467 0.3222693379403735
0 0.9270703899118333 0.18673249240150866 0.8571099744368883 -0.04209771470503054 0.7194145546875002 -4.4408920985006264e-17 0.7893749701624451 0.22883020710653917
0 0.7087867453125 6.973703493924755e-17 0.3361551109375 4.691992802432802e-17 0.3361551109375 0.22528579375000005 0.7087867453125 0.22528579375000007
0 0.12483478906250003 0.108645471875 1.4614012397552844e-17 0.108645471875 3.2162960118346896e-17 0.3952415375 0.12483478906250005 0.3952415375
1 0.40253287194298215 0.20841682276179813 0.33925279663356095 0.018695382347135726 0.0658360109375 0.10989137343749997 0.12911608624692122 0.2996128138521624
1 0.6677622660418091 0.49694145461747163 0.554512833428398 0.18345079645584084 0.3679795544210736 0.25083649826583543 0.48122898703448475 0.5643271564274662
1 0.7191089174085017 0.485211435303538 0.7122373706145938 0.1480654805702823 0.5475695191359512 0.15142166156845863 0.5544410659298591 0.4885676163017143
0 0.6604360750000001 0.7957042125 0.27976667812500006 0.7957042125 0.27976667812500006 1 0.6604360750000001 1