1 0.9515625 0.1718750000000001 0.6203125 0.17187500000000008 0.6203125 0.51875 0.9515625 0.5187500000000002
0 0.7515625 6.812097820257152e-17 0.3609375 4.420209540672478e-17 0.3609375 0.25625000000000003 0.7515625 0.2562500000000001
0 0.5140625 4.6115606030392513e-17 0.2390625 2.9276712542116413e-17 0.2390625 0.13593750000000004 0.5140625 0.13593750000000004
1 0.4921875 0.02187500000000004 0.11875 0.021875000000000016 0.11875000000000002 0.4125 0.4921875 0.4125
0 0.8203125 0.26093750000000004 0.3328125 0.2609375 0.33281250000000007 0.5765625000000001 0.8203125 0.5765625000000002
0 0.821875 0.4390625000000001 0.509375 0.4390625 0.509375 0.6953125000000001 0.821875 0.6953125000000002
0 0.4234375 0.35156250000000006 0.08281250000000004 0.3515625 0.08281250000000007 0.68125 0.4234375 0.68125
1 0.3265625000000001 0.5515625 6.754692501547121e-17 0.5515625 8.802148868871601e-17 0.8859375 0.3265625000000001 0.8859375
0 0.7453125000000002 0.815625 0.40937500000000016 0.815625 0.40937500000000016 1 0.7453125000000002 1
0 0.865625 0.6421875000000001 0.5609375 0.6421875 0.5609375000000001 0.8640625 0.865625 0.8640625
1 1 0.2968750000000001 0.78125 0.2968750000000001 0.78125 0.5484375000000001 1 0.5484375000000001