1 0.4046875 0.14843750000000003 0.1234375 0.1484375 0.12343750000000002 0.4046875 0.4046875 0.4046875
2 0.21093750000000008 0.396875 0.0015625000000000487 0.396875 0.0015625000000000695 0.7390625 0.21093750000000008 0.7390625
1 0.16562500000000008 0.646875 7.921933981984441e-17 0.646875 9.366634502853585e-17 0.8828125 0.16562500000000008 0.8828125
1 0.45000000000000007 0.628125 0.13281250000000008 0.628125 0.1328125000000001 0.9171875 0.4500000000000002 0.9171875
0 0.4921875 0.22656250000000006 0.30625 0.2265625 0.30625 0.678125 0.4921875 0.678125
2 0.6046875 0.18750000000000006 0.4203125 0.18750000000000006 0.4203125 0.45625 0.6046875 0.45625
0 0.7203125000000001 0.59375 0.4625 0.59375 0.4625000000000001 0.8671875 0.7203125000000001 0.8671875
1 0.94375 0.6187500000000001 0.696875 0.61875 0.6968750000000001 0.934375 0.94375 0.934375
0 0.990625 0.1406250000000001 0.8109375 0.14062500000000008 0.8109375 0.43750000000000017 0.990625 0.43750000000000017
0 0.746875 0.08281250000000008 0.603125 0.08281250000000007 0.603125 0.35625000000000007 0.746875 0.35625000000000007
0 0.3890625 3.626102631850366e-17 0.203125 2.487563810768061e-17 0.203125 0.24062500000000003 0.3890625 0.2406250000000001