1 0.99375 0.2218750000000001 0.63125 0.2218750000000001 0.63125 0.5937500000000001 0.99375 0.5937500000000002
0 0.8390625 7.816690897682715e-17 0.4375 5.357829746269671e-17 0.4375 0.30156250000000007 0.8390625 0.30156250000000007
0 0.621875 5.855342508423283e-17 0.334375 4.0949127346489623e-17 0.334375 0.13593750000000007 0.621875 0.1359375000000001
1 0.5703125 4.4967499656191874e-17 0.1640625 2.0091861548511263e-17 0.16406250000000003 0.39062500000000006 0.5703125 0.3906250000000001
0 0.834375 0.24375000000000005 0.35 0.24375 0.35000000000000003 0.6312500000000001 0.834375 0.6312500000000002
0 0.8125 0.4531250000000001 0.4875 0.453125 0.4875000000000001 0.7468750000000001 0.8125 0.7468750000000002
0 0.4390625 0.28437500000000004 0.07343750000000004 0.284375 0.07343750000000007 0.64375 0.4390625 0.64375
1 0.2984375000000001 0.4515625 5.5300457023997667e-17 0.4515625 7.816690897682715e-17 0.825 0.2984375000000001 0.825
0 0.6562500000000002 0.8 0.30937500000000007 0.8 0.30937500000000007 1 0.6562500000000002 1
0 0.8109375 0.6609375000000001 0.5015625 0.6609375 0.5015625000000001 0.921875 0.8109375 0.921875
1 1 0.37187500000000007 0.7796875 0.37187500000000007 0.7796875 0.6531250000000002 1 0.6531250000000002