1 0.7044813500000002 0.85143528125 0.4056974359375002 0.85143528125 0.4056974359375002 1 0.7044813500000002 1
0 0.4833137950972669 0.9087941241338122 0.25868992656250017 0.8241283265625 0.20929224286116396 0.9551835947811114 0.43391611139593067 1.0398493923524232
0 0.9134686558075591 0.7431115099874275 0.8144655073896032 0.4538849980213223 0.6309169692111014 0.5167142422827014 0.7299201176290573 0.8059407542488064
1 0.6423665236125126 0.8971671327809482 0.6335645723105177 0.7225410734941585 0.26779325984890195 0.7409776189507933 0.27659521115089686 0.915603678237583
1 0.8012901765383946 0.6995140164766027 0.6013015311449025 0.4531102977111286 0.44184163514957414 0.5825327299474121 0.6418302805430662 0.8289364487128864
0 0.6117651626776544 0.7932902503347363 0.43666072680831725 0.32098966816137986 0.2850310315915375 0.37720605502204285 0.46013546746087447 0.8495066371953992
1 0.39530751441035283 0.3064540513326818 0.1300774169703701 0.18028728821837886 -0.024993901258837003 0.5062810747659274 0.24023619618114572 0.6324478378802303
0 0.6062500000000001 0.32343750000000004 0.17968750000000006 0.3234375 0.17968750000000006 0.75 0.6062500000000002 0.75
1 0.7996356801459168 0.10150608633776588 0.5018679434581319 -0.10364216091695937 0.3882081692274656 0.061332262106440716 0.6859759059152506 0.26648050936116596
0 1 0.25959337500000007 0.8704194 0.25959337500000007 0.8704194 0.5995338437500002 1 0.5995338437500002
0 0.6310672520781678 0.1721040734358024 0.36146374641511725 0.02899157845213447 0.2169375101736491 0.3012583707782186 0.48654101583669973 0.4443708657618865
0 0.36634644175704356 0.6790530315680819 0.08636820946401484 0.4887791966117231 -0.038776396104589717 0.6729230935176874 0.24120183618843902 0.8631969284740464
0 0.07249911718750005 0.4085200234375 5.004205252432952e-17 0.4085200234375 6.731278823826135e-17 0.6905725421875 0.07249911718750007 0.6905725421875