2 1 0.4140625000000001 0.6625 0.4140625 0.6625 0.6640625000000001 1 0.6640625000000002
2 0.9375 0.2093750000000001 0.6671875 0.2093750000000001 0.6671875 0.41875000000000007 0.9375 0.4187500000000002
2 0.809375 0.08281250000000008 0.54375 0.08281250000000007 0.54375 0.30937500000000007 0.809375 0.30937500000000007
2 0.7140625 0.2812500000000001 0.4828125 0.2812500000000001 0.4828125 0.5390625 0.7140625 0.5390625
2 0.534375 0.26562500000000006 0.2890625 0.265625 0.28906250000000006 0.5421875 0.534375 0.5421875
2 0.8578125 0.5046875000000001 0.5578125 0.5046875 0.5578125 0.8265625 0.8578125 0.8265625
2 0.5937500000000001 0.521875 0.34062500000000007 0.521875 0.34062500000000007 0.8328125 0.5937500000000002 0.8328125
2 0.4156250000000001 0.515625 0.10625000000000004 0.515625 0.10625000000000007 0.8 0.4156250000000002 0.8
2 0.32656250000000003 0.34375 0.007812500000000042 0.34375 0.007812500000000059 0.634375 0.3265625000000001 0.634375
2 0.30937500000000007 0.203125 0.06250000000000003 0.203125 0.06250000000000003 0.4234375 0.30937500000000007 0.4234375
0 0.6015625 0.04375000000000007 0.409375 0.04375000000000005 0.409375 0.17656250000000007 0.6015625 0.1765625000000001
0 0.425 0.08750000000000004 0.203125 0.08750000000000002 0.203125 0.24062500000000003 0.425 0.2406250000000001