2 0.9171875 0.05468750000000009 0.553125 0.05468750000000007 0.553125 0.4546875000000001 0.9171875 0.4546875000000002
2 0.6796875 6.525071226706992e-17 0.3859375 4.7263712404593165e-17 0.3859375 0.3046875000000001 0.6796875 0.3046875000000001
2 0.5171875 0.015625000000000045 0.2109375 0.015625000000000028 0.2109375 0.33593750000000006 0.5171875 0.3359375000000001
2 0.6453125 0.21406250000000004 0.3296875 0.2140625 0.3296875 0.5203125 0.6453125 0.5203125
2 0.5390625 0.35000000000000003 0.2015625 0.35 0.20156250000000003 0.6765625 0.5390625 0.6765625
2 0.95625 0.2390625000000001 0.5578125 0.2390625000000001 0.5578125 0.6296875000000001 0.95625 0.6296875000000002
2 0.80625 0.4593750000000001 0.4375 0.459375 0.4375000000000001 0.8078125 0.80625 0.8078125
2 0.6703125000000001 0.5953125 0.2968750000000001 0.5953125 0.2968750000000001 0.978125 0.6703125000000002 0.978125
2 0.48125000000000007 0.5625 0.09843750000000007 0.5625 0.0984375000000001 0.9546875 0.4812500000000002 0.9546875
2 0.3062500000000001 0.490625 0.014062500000000061 0.490625 0.014062500000000078 0.7921875 0.3062500000000001 0.7921875
0 0.290625 0.15156250000000002 0.09375000000000003 0.1515625 0.09375000000000003 0.36875 0.2906250000000001 0.36875
0 0.23281250000000003 0.321875 0.0062500000000000385 0.321875 0.006250000000000054 0.5734375 0.2328125000000001 0.5734375