2 0.33281250000000007 0.4578125 5.606586127346476e-17 0.4578125 6.965178670150572e-17 0.6796875 0.33281250000000007 0.6796875
2 0.31250000000000006 0.246875 0.05625000000000002 0.246875 0.056250000000000036 0.434375 0.3125000000000001 0.434375
2 0.421875 0.10937500000000003 0.1734375 0.109375 0.17343750000000002 0.31562500000000004 0.421875 0.3156250000000001
2 0.5015625 0.2984375 0.2890625 0.2984375 0.28906250000000006 0.5390625 0.5015625 0.5390625
2 0.6921875 0.2671875000000001 0.46875 0.2671875000000001 0.46875 0.525 0.6921875 0.525
2 0.4453125000000001 0.5328125 0.17031250000000003 0.5328125 0.17031250000000006 0.8328125 0.44531250000000017 0.8328125
2 0.6640625000000001 0.5265625 0.434375 0.5265625 0.43437500000000007 0.81875 0.6640625000000002 0.81875
2 0.8953125 0.5062500000000001 0.6078125 0.50625 0.6078125000000001 0.7671875000000001 0.8953125 0.7671875000000001
2 0.9796875 0.32500000000000007 0.6828125 0.32500000000000007 0.6828125 0.5906250000000001 0.9796875 0.5906250000000002
2 0.9140625 0.18593750000000012 0.6828125 0.1859375000000001 0.6828125 0.38750000000000007 0.9140625 0.38750000000000007
0 0.553125 0.053125000000000054 0.36875 0.05312500000000005 0.36875 0.17031250000000006 0.553125 0.1703125000000001
0 0.7625 0.08125000000000007 0.5515625 0.08125000000000007 0.5515625 0.2171875000000001 0.7625 0.2171875000000001