2 0.9934260843750001 0.5846026671875002 0.8112852753475284 0.5275853800708215 0.7451443207165599 0.7388715986115477 0.9272851297440317 0.7958888857282265
2 0.8868858014898384 0.833457274983949 0.6276275749465916 0.8098332553788168 0.6106347416750675 0.9963185314477281 0.8698929682183142 1.0199425510528601
2 0.6543623421875001 0.6398631781249999 0.14426228750000009 0.6398631781249999 0.1442622875000001 1 0.6543623421875002 1
2 0.2077032468750001 0.5307172734375001 6.49941210167445e-17 0.5307172734375001 8.418052732513606e-17 0.8440550671875 0.2077032468750001 0.8440550671875
2 0.45440508031394966 0.633202068076802 0.21169889685026155 0.2157300133154975 -0.0764073386474687 0.3832266494429752 0.16629884481621943 0.8006987042042798
2 1 0.2526470406250001 0.7790212999999999 0.2526470406250001 0.7790212999999999 0.5664208031250002 1 0.5664208031250002
2 1.0312480323053534 0.15533555067061172 0.7744019892768154 0.06990705051228552 0.7180673727323181 0.23928054200713644 0.9749134157608561 0.32470904216546265
2 0.9554443058911248 0.42406155040278026 0.7521390132360228 0.032367410254357055 0.22502066981028043 0.3059634079719516 0.42832596246538246 0.6976575481203747
2 0.657629580601397 0.04113645038115084 0.42434843686637225 -0.13982854622288934 0.11243153535098194 0.26226209506840475 0.3457126790860068 0.4432270916724449
2 0.38861170625 6.661338147750939e-17 0.24283880883822123 -0.043488974005748936 0.14774887164756872 0.27524780872803245 0.29352176905934757 0.3187367827337814
2 0.2363294863934779 0.00017975825086095633 0.11907383653230283 -0.015253838794776778 0.09071126747035334 0.20022875137893398 0.2079669173315284 0.21566234842457174