2 0.703125 5.558748361754783e-17 0.2046875 2.5066989170047385e-17 0.20468750000000005 0.36718750000000006 0.703125 0.3671875000000001
2 0.2421875 0.026562500000000017 3.2529680602351567e-18 0.0265625 2.1335643453895294e-17 0.321875 0.2421875 0.321875
2 0.17343750000000008 0.409375 5.013397834009477e-17 0.409375 6.285882398748523e-17 0.6171875 0.17343750000000008 0.6171875
2 0.2875000000000001 0.625 0.012500000000000077 0.625 0.0125000000000001 1 0.2875000000000001 1
2 0.4000000000000002 0.8734375 0.042187500000000114 0.8734375 0.042187500000000114 1 0.4000000000000002 1
2 0.721875 0.321875 0.18281250000000004 0.321875 0.1828125000000001 0.9171875 0.7218750000000002 0.9171875
2 0.8734375 0.5718750000000001 0.5578125 0.571875 0.5578125 0.9921875 0.8734375 0.9921875
2 0.9640625 0.21093750000000008 0.53125 0.21093750000000008 0.53125 0.6234375000000001 0.9640625 0.6234375000000002
2 0.975 1.0084200986728988e-16 0.671875 8.22809568177128e-17 0.671875 0.26250000000000007 0.975 0.26250000000000007
2 1 0.6484375000000002 0.90625 0.6484375000000002 0.90625 0.8421875 1 0.8421875
2 0.953125 0.5640625000000001 0.7765625 0.5640625000000001 0.7765625 0.9546875 0.953125 0.9546875