2 0.34062500000000007 0.278125 3.406048910128576e-17 0.278125 6.257179739393508e-17 0.74375 0.34062500000000007 0.74375
2 0.2687500000000001 0.734375 8.993499931238375e-17 0.734375 1.0619983961355955e-16 1 0.2687500000000001 1
2 0.5671875000000002 0.834375 0.3734375000000001 0.834375 0.3734375000000001 1 0.5671875000000002 1
2 1 0.7656250000000001 0.5984375000000002 0.765625 0.5984375000000002 1 1 1
2 1 0.6531250000000002 0.859375 0.6531250000000002 0.859375 0.9984375 1 0.9984375
2 0.8875 0.31875000000000003 0.3390625 0.31875 0.33906250000000004 0.803125 0.8875 0.803125
2 1 0.17656250000000012 0.60625 0.1765625000000001 0.60625 0.4531250000000001 1 0.45312500000000017
2 0.6296875 0.04843750000000006 0.25625 0.048437500000000036 0.25625000000000003 0.44375 0.6296875 0.44375
2 0.2859375 1.7508622206559815e-17 0 0 1.6838893488276106e-17 0.275 0.2859375 0.275
2 0.884375 9.711066415113777e-17 0.7015625 8.591662700268149e-17 0.7015625 0.11250000000000009 0.884375 0.11250000000000009
2 0.9859375 0.09531250000000009 0.60625 0.09531250000000006 0.60625 0.2328125000000001 0.9859375 0.2328125000000001