2 0.7937500000000001 0.6328125000000001 0.2953125000000001 0.6328125 0.2953125000000001 1 0.7937500000000002 1
2 1 0.6765625000000002 0.75625 0.6765625000000002 0.7562500000000001 0.971875 1 0.971875
2 1 0.3828125000000001 0.825 0.3828125000000001 0.825 0.5906250000000002 1 0.5906250000000002
2 0.9859375 1.0390362686515826e-16 0.7109375 8.706473337688214e-17 0.7109375 0.3734375000000001 0.9859375 0.3734375000000001
2 0.9578125 9.538850458983681e-17 0.6 7.347880794884119e-17 0.6 0.1265625000000001 0.9578125 0.12656250000000013
2 0.81875 0.08437500000000007 0.2796875 0.08437500000000005 0.27968750000000003 0.6796875000000001 0.81875 0.6796875000000002
2 0.4421875 0.007812500000000036 0.1265625 0.007812500000000017 0.12656250000000002 0.428125 0.4421875 0.428125
2 0.4703125000000001 0.37812500000000004 0.03750000000000005 0.378125 0.037500000000000075 0.790625 0.4703125000000002 0.790625
2 0.3281250000000001 0.7359375 0.025000000000000088 0.7359375 0.025000000000000105 1 0.3281250000000001 1
2 0.09375000000000003 0.1578125 1.932645729904417e-17 0.1578125 3.119022316578415e-17 0.3515625 0.09375000000000004 0.3515625
2 0.22343750000000004 0.046875000000000014 0.046875000000000014 0.046875000000000014 0.046875000000000035 0.4375 0.2234375000000001 0.4375