2 0.18373204531250004 0.39840881562499997 4.9821532193042164e-17 0.39840881562499997 6.411597721808087e-17 0.63185481875 0.18373204531250006 0.63185481875
2 0.23767616875000003 0.04196892812500002 5.619102400335887e-18 0.041968928125000006 2.2022221781326772e-17 0.309852196875 0.23767616875000003 0.309852196875
2 0.761563778580026 0.2132774621728739 0.5980304274133893 -0.11404004719198373 0.14424672930741456 0.11267794598857547 0.30778008047405125 0.43999545535343315
2 0.9688575754069809 0.00030769585506971173 0.6956587651732201 -0.004188561112043953 0.6912092853957317 0.2661680021938546 0.9644080956294923 0.27066425916096826
2 1.0735462009711003 0.37071066802592556 0.6882201465450157 0.08461131093541327 0.4879190289691159 0.3543820651151901 0.8732450833952005 0.6404814222057025
2 0.28177007763129835 0.9875788453425661 0.2565644439216285 0.6118555248795027 0.01707277021456473 0.627921973447391 0.04227840392423457 1.0036452939104543
2 0.4208810421875002 0.8350133546875 0.08382221406250012 0.8350133546875 0.08382221406250014 1 0.4208810421875002 1
2 0.8282362154408032 0.5424616399776248 0.468549465069927 0.2864996619114456 0.12329872381154314 0.7716581144463645 0.4829854741824192 1.0276200925125436
2 0.896374197658241 0.9608515780934139 0.8490610122287288 0.48094982140570924 0.5242883233618696 0.5129689383117522 0.5716015087913817 0.9928706949994568
2 0.9651041983299461 0.9490666834860194 0.9188706880825169 0.5575535745306064 0.7638262566425593 0.57586266341121 0.8100597668899884 0.9673757723666231
2 1.0060322689920949 0.8652798576712009 0.9991680106375064 0.6288983679389046 0.8893465072624762 0.632087463552564 0.8962107656170646 0.8684689532848602