2 0.7406250000000001 0.6546875000000001 0.2687500000000001 0.6546875 0.2687500000000001 1 0.7406250000000002 1
2 0.9953125 0.7343750000000001 0.7250000000000002 0.734375 0.7250000000000002 1 0.9953125 1
2 1 0.4390625000000002 0.83125 0.4390625000000002 0.83125 0.6359375000000002 1 0.6359375000000002
2 1 0.004687500000000108 0.7671875 0.004687500000000094 0.7671875 0.4109375000000002 1 0.4109375000000002
2 1 0.0015625000000001014 0.659375 0.0015625000000000805 0.659375 0.1484375000000001 1 0.14843750000000014
2 0.809375 0.11093750000000006 0.315625 0.11093750000000005 0.31562500000000004 0.6671875 0.809375 0.6671875000000002
2 0.4609375 3.913129225400527e-17 0.178125 2.181402110981223e-17 0.17812500000000003 0.3921875 0.4609375 0.3921875000000001
2 0.4453125000000001 0.36406250000000007 0.043750000000000046 0.3640625 0.04375000000000007 0.7421875 0.44531250000000017 0.7421875
2 0.27031250000000007 0.7046875 8.629932912741505e-17 0.7046875 1.0409497792752504e-16 0.9953125 0.27031250000000007 0.9953125
2 0.12031250000000002 0.1078125 0.004687500000000014 0.1078125 0.004687500000000025 0.2921875 0.12031250000000004 0.2921875
2 0.24218750000000006 0.00937500000000002 0.0984375 0.009375000000000012 0.09843750000000002 0.3890625 0.24218750000000008 0.3890625