0 0.41955351227593984 0.6147389121227103 0.40876694731089963 0.527002543874782 0.1462609478400821 0.5592757969572819 0.15704751280512236 0.6470121652052102
1 0.9770753567191705 0.6344327036154657 0.9521534017301247 0.5294116986865178 0.7143714164052748 0.5858384291246915 0.7392933713943206 0.6908594340536395
0 0.42767564773585276 0.6073703922919756 0.12921153845080413 0.5964212899086436 0.1250435118826923 0.7100384882482702 0.42350762116774093 0.7209875906316022
0 0.9993052890625 0.019790865625000122 0.93125 0.01979086562500012 0.93125 0.12552163437500014 0.9993052890625 0.12552163437500014
0 0.714109663822824 0.7173378478875059 0.6008509711199654 0.7003501965985676 0.5907049438029548 0.7679949681156513 0.7039636365058133 0.7849826194045897
0 0.49547221961973725 0.806377635497004 0.40696171351136234 0.6712026147368604 0.3200745534004888 0.7280949789657428 0.4085850595088637 0.8632699997258865
0 0.6050353137101918 0.8084936430943952 0.5963121382629704 0.7348297819574314 0.49298281336202876 0.747065901759487 0.5017059888092502 0.8207297628964507
0 0.6953785228589314 0.771084786632088 0.4362536125099405 0.7584468634099477 0.4246484171904932 0.9963969714993868 0.6837733275394842 1.009034894721527
0 0.3905861830880614 0.9117040318768357 0.20653454508771057 0.8090637719746976 0.14163817807786588 0.9254341188524438 0.3256898160782168 1.028074378754582
0 0.4172051412561896 0.3565403303589309 0.38157251335450404 0.1438736412117418 0.1269349358983422 0.1865385554193555 0.16256756380002782 0.3992052445665446
0 0.4202411105896413 0.4857519694981091 0.33475533606213 0.20237949901830446 0.1690089563743154 0.2523806780980965 0.25449473090182667 0.5357531485779011
0 0.7675515359537314 0.46618139740322473 0.673201672604689 0.28552286972540286 0.42309616136221206 0.41614178438108207 0.5174460247112544 0.5968003120589039
0 0.8712043760438997 0.11998791257597405 0.5510099666727922 0.03412274109736144 0.5120083741731893 0.17956112618290831 0.8322027835442969 0.2654262976615209
0 0.6979957867305635 0.0815454283593362 0.6639894408775568 -0.010734053197547055 0.4710851558579653 0.060354012342347316 0.5050915017109718 0.1526334938992306