0 0.40792660174119977 0.47870677143220064 0.1678441546157273 0.3663213777122598 0.13028627598731107 0.4465541118024349 0.37036872311278357 0.5589395055223758
1 0.8727765404619069 0.7677915791329516 0.6433130287179318 0.6841045730334354 0.6068014240260731 0.7842166623826342 0.8362649357700482 0.8679036684821504
0 0.3827060907296219 0.5547845940849166 0.13251161967447414 0.391679002258671 0.07042174080319019 0.48692125746367865 0.32061621185833794 0.6500268492899242
0 0.5715905354487438 0.796569526083433 0.4832581757338926 0.7236757273432828 0.43972169930615995 0.7764330230666211 0.5280540590210111 0.8493268218067713
0 0.34160078461422155 0.7579583931332108 0.3300690797278636 0.5960300282681841 0.22705761538484714 0.603365974676989 0.2385893202712051 0.7652943395420158
0 0.46116471848248475 0.7484275740422398 0.36232404962700554 0.7100575517329409 0.3355648290265222 0.7789889492933254 0.43440549788200133 0.8173589716026243
0 0.5278530942950118 0.8329923919828308 0.31224870348280687 0.6887003838675468 0.17974774612657787 0.8866863192354926 0.39535213693878285 1.0309783273507764
0 0.19417080217736346 0.7993878607275207 0.09004422445140463 0.6179609321952516 -0.02551797957266766 0.6842856884860767 0.07860859815329117 0.8657126170183457
0 0.5821621622478446 0.13445253851441233 0.3423664438019176 0.03891506992363869 0.2624587086421749 0.23948070186532333 0.5022544270881019 0.33501817045609694
0 0.5116435676465512 0.15978214561094448 0.34381867976904185 0.11727582538998196 0.27114667955127414 0.404201868975531 0.4389715674287835 0.4467081891964936
0 0.7612649548114896 0.4106867631028745 0.48129662943272483 0.3862836789677321 0.4635703599681612 0.5896511693112891 0.743538685346926 0.6140542534464316
0 1.013904947107568 0.3654504530379569 0.7836686014052704 0.12693732356952164 0.6753314066205812 0.23151504592155608 0.9055677523228789 0.47002817538999137
0 0.903361186809007 0.1517136326631941 0.7025245411569849 0.10697615480606529 0.681547417937767 0.20114720030467853 0.8823840635897889 0.24588467816180737