1 0.7411830700134894 0.4682848501610929 0.521429592124281 0.15854004482280684 0.4165475993006442 0.23295027638673327 0.6363010771898526 0.5426950817250192
2 0.322896333904758 0.5906933184654239 0.21527054512124172 0.1198701568958083 0.05036927412915125 0.15756505130746298 0.15799506291266752 0.6283882128770787
1 0.7778288254874394 0.777772020157494 0.6572956901184259 0.7692618307597138 0.6470934509457289 0.9137601277765203 0.7676265863147423 0.9222703171743006
1 0.8261901978345488 0.606045049675888 0.8025075293975801 0.5567131989539376 0.6374602049351681 0.6359472233103938 0.6611428733721368 0.6852790740323442
0 0.1242879785948765 0.26466266544148376 0.027359545246264393 0.24309087514452182 -0.01206235705606431 0.42022514064518895 0.0848660762925478 0.4417969309421509
0 0.053983815625000056 0.4226601546875 5.17609405565172e-17 0.4226601546875 6.119378377073161e-17 0.576710175 0.05398381562500006 0.576710175
2 0.6285405991418519 0.4991202550910394 0.3500022909692265 0.40289833615216486 0.26043769603855116 0.6621653619948383 0.5389760042111764 0.7583872809337129
0 0.4323285317993326 0.49233323155155234 0.3922595693179866 0.05838686536617406 0.213127424113113 0.07492724861333064 0.253196386594459 0.508873614798709
0 0.7462955218750003 0.8968945749999999 0.6369559218750002 0.8968945749999999 0.6369559218750002 1 0.7462955218750003 1
1 0.48029154657608375 0.7519924263509107 0.44055457956508925 0.7134460462955693 0.33365628030771555 0.8236461269522499 0.37339324731871 0.8621925070075912
0 0.4438565736642886 0.7219766046574839 0.0446691565542916 0.4915056384298608 -0.09517630017561482 0.7337250710131584 0.30401111693438215 0.9641960372407816
0 0.49038406874999996 4.4641841866389205e-17 0.2386725359375 2.9228955718024104e-17 0.2386725359375 0.14476768750000005 0.49038406874999996 0.14476768750000005
0 0.831946209667177 0.11429896382789559 0.5656203046056264 -0.03946436779057265 0.47433545700675345 0.11864562761131918 0.7406613620683039 0.2724089592297874
1 1.0249020410867549 0.21191561984891508 0.8882603285865853 0.14910039202003839 0.7771420989711778 0.3908154300678092 0.9137838114713471 0.4536306578966859
0 1 0.44852683281250016 0.9436572968749999 0.44852683281250016 0.9436572968749999 0.6645491296875001 1 0.6645491296875001
0 0.8941647775272635 0.1314281123259275 0.7927845711223049 0.09570133613382784 0.7209517043563276 0.2995381116726476 0.8223319107612863 0.3352648878647473
0 0.8766106610252612 0.27411108700581494 0.6164303630533057 0.19843834453306894 0.5789984785637455 0.32713777502685826 0.839178776535701 0.4028105174996043
0 0.5220126687500002 0.97223320625 0.34794625000000007 0.97223320625 0.34794625000000007 1 0.5220126687500002 1
0 0.5829888515134811 0.8887981267300518 0.3150418968752618 0.8583567715758006 0.3011271234506904 0.9808355884583679 0.5690740780889098 1.0112769436126192
0 0.5414767753553009 0.8445898948565826 0.47004567226384325 0.7537875944290258 0.38917813596761514 0.8174033541039318 0.4606092390590728 0.9082056545314886
0 0.7081945106972886 0.7149414489310546 0.6012118373384396 0.6033095551693031 0.45055280050423263 0.7476939777841531 0.5575354738630816 0.8593258715459046
0 0.8797667599245267 0.7723052807265798 0.8662888720346873 0.6495252336224416 0.668934589770422 0.6711893309548156 0.6824124776602616 0.7939693780589537
0 0.6915319929625227 0.9799500690675492 0.6190707213437727 0.7754816670861295 0.48786077167879116 0.8219809780291509 0.5603220432975411 1.0264493800105705
0 1.0678884460086588 0.38898564847145717 0.9678522345014542 0.2803369249155037 0.7206229334251232 0.5079685237397038 0.8206591449323278 0.6166172472956573
0 0.7608600647489571 0.6107152020722753 0.741257392200207 0.48296787050306433 0.5828008871176482 0.5072828283514783 0.6024035596663982 0.6350301599206893
1 0.9749010388749525 0.5868417017996347 0.7839173163666192 0.5800935340239936 0.7750216424667842 0.8318550450141844 0.9660053649751175 0.8386032127898255
0 0.8556520967950847 0.8839925008559707 0.8007114450164652 0.8522725002364637 0.7313326562796396 0.9724400853048017 0.7862733080582591 1.0041600859243087