2 0.6229450478598549 0.8141070591198858 0.426187255775928 0.783899599100493 0.407748266929821 0.9040028693288082 0.604506059013748 0.9342103293482011
0 0.5707762319288863 0.7383962437227709 0.4931508861888029 0.5154077204634336 0.3470195989179161 0.5662780142886161 0.4246449446579995 0.7892665375479535
0 0.45984170584865164 0.9353216316153856 0.44751341297022673 0.7582455710701287 0.20838754236309592 0.7748938619716511 0.22071583524152077 0.951969922516908
0 0.61162657536285 0.455709239436203 0.4850628564487506 0.24749467946126852 0.29377094757693584 0.36377192437588174 0.42033466649103524 0.5719864843508162
0 0.41190201365583495 0.7983752398922839 0.3721039750586387 0.5726444445531403 0.16808686644487963 0.6086141967125648 0.20788490504207582 0.8343449920517083
0 0.7263139597731282 0.9803947186595293 0.6811964909208867 0.8445810035311171 0.4857427537877984 0.9095109547427344 0.5308602226400398 1.0453246698711465
0 0.7900801863169502 0.7216628732770128 0.600998376470274 0.5364667860317456 0.500849324427679 0.6387171321179681 0.6899311342743553 0.8239132193632352
0 0.44776208769337666 0.5027486862349235 0.243922188292402 0.3529413674889272 0.15824312153093648 0.4695232040481859 0.36208302093191114 0.6193305227941822
0 0.3997735515625001 0.9503967875000001 0.2696722062500001 0.9503967875000001 0.2696722062500001 1 0.3997735515625001 1
0 0.46894257656250016 1 0.37841311795702903 0.9117621463314591 0.3442530132595766 0.9468094152256381 0.4347824718650477 1.035047268894179
0 0.16544694843750007 0.5173980328125001 6.40354875942335e-17 0.5173980328125001 7.542070234531852e-17 0.7033327 0.1654469484375001 0.7033327
0 0.5854332021784348 0.04195236348801107 0.38190107636532283 0.0008221093903222121 0.3346370750430135 0.23470694367107875 0.5381692008561255 0.2758371977687676
0 0.8807352696301372 0.17443269710120085 0.6940047779966413 -0.07336703482098823 0.5708997212704334 0.019399279277658277 0.7576302129039292 0.26719901119984735
0 0.8834714001990903 0.3160044219414497 0.7715336960814663 0.14694086528821707 0.6310379412813406 0.2399637055852304 0.7429756453989645 0.409027262238463
0 0.9421406520677499 0.7304970653844551 0.8068654725768931 0.6447331836118735 0.6808389892615432 0.8435144747420015 0.8161141687524 0.9292783565145832
0 0.3852452944150361 0.04633675493051783 0.2613905471077035 0.021328012800865725 0.22668005835786814 0.19323025365477936 0.35053480566520073 0.21823899578443146
0 0.23205197982626222 0.28514090839986606 0.0603582512293447 0.2725818445581417 0.03931169275793256 0.5603072788444645 0.21100542135485006 0.5728663426861889
0 0.427019919063884 0.2838388435570443 0.3408938299481332 0.16134194498870685 0.20988718485183458 0.2534511340554394 0.2960132739675853 0.37594803262377685
0 1 0.5970764500000001 0.9154292765625 0.5970764500000001 0.9154292765625 0.7330422453125002 1 0.7330422453125002
0 0.6143655484375 6.561867729838422e-17 0.4572687765625 5.599927435672919e-17 0.4572687765625 0.07267862968750007 0.6143655484375 0.07267862968750007
0 0.22129398870633504 0.2628586557071263 0.13910097398007892 0.17105362119020756 -0.013774299119986311 0.30792279878284196 0.06841871560626982 0.3997278332997607
0 0.27207660295688274 0.8681688884896006 0.16910694347829378 0.69831102383565 0.07324906659002024 0.7564210969937873 0.17621872606860922 0.9262789616477379
0 0.29656813125000003 0.9638506312500003 0.2064808693425769 0.933951638445544 0.1911235189616039 0.9802241552163625 0.28121078086902707 1.0101231480208188
0 0.9421449982030948 0.33290368845524676 0.8033555974921189 0.2891005062870267 0.7485154005997681 0.4628604407212736 0.8873048013107441 0.5066636228894936
0 0.7329763157402676 0.5313445998317265 0.6790065997266115 0.3385213466880096 0.5889091619666795 0.3637389127760446 0.6428788779803355 0.5565621659197616