2 0.742818659584505 0.16443165389447795 0.5737043323064336 0.05937289644013779 0.5095616692956456 0.1626241014585092 0.678675996573717 0.2676828589128494
0 0.6831748371981519 0.2639872404102276 0.5290292006115661 0.25199051595362987 0.5107058609778073 0.48742668542275636 0.6648514975643931 0.4994234098793541
0 0.9336811462926782 0.1930845089783049 0.707059617320587 0.11497542150482706 0.6492187423602852 0.28279184267397717 0.8758402713323765 0.36090093014745495
0 0.6354508391414846 0.7068412688177977 0.6062785130819794 0.4675601337971071 0.3821769643788841 0.49488181734161846 0.4113492904383894 0.7341629523623091
0 1 0.6791011250000002 0.8848513390624999 0.6791011250000002 0.8848513390624999 0.8763355609374999 1 0.8763355609374999
0 0.8995339685628935 0.306378519530583 0.697679575753184 0.2597666456679375 0.6461080234643013 0.48309910392100675 0.8479624162740109 0.5297109777836523
0 0.680315340625 7.093809513671886e-17 0.47331544374999995 5.826300708012879e-17 0.47331544374999995 0.11595173750000005 0.680315340625 0.11595173750000007
0 0.5502710673124861 0.37462317730796346 0.4535083355297568 0.12777950817333852 0.32153354160138303 0.17951363460137953 0.41829627338411246 0.4263573037360045
0 0.7960527376429992 0.6708722902688706 0.6793439149079845 0.4470622738935098 0.5481779339557201 0.5154605854067358 0.6648867566907348 0.7392706017820966
0 0.9207303422883862 0.14581414138639784 0.9176475715486463 -0.002397405543642864 0.7857723464638383 0.0003455729462851553 0.7888551172035781 0.14855711987632586
0 0.8132462772090756 0.15279427214165012 0.7941137080563458 -0.010875358797617262 0.7010804125 0 0.7202129816527297 0.1636696309392674
0 1 0.47769932500000023 0.8388861500000001 0.47769932500000023 0.8388861500000001 0.6701902125000002 1 0.6701902125000002
0 0.5375968091825328 0.792360446163918 0.3430021369375832 0.6968433610450141 0.24251022937247346 0.9015731200358706 0.4371049016174231 0.9970902051547746
0 0.26992977444777 0.8967737345693878 0.12475311646425839 0.6027147503141344 -0.00827121089704157 0.6683887419649204 0.13690544708647004 0.9624477262201738
0 0.2739432626719468 0.6912455050178694 0.2435293109030397 0.4898041725881626 0.07802764832283457 0.5147918924501961 0.10844160009174164 0.7162332248799029
0 0.08919451875000002 0.16514194375 2.0224055281840975e-17 0.16514194375 3.298308904949133e-17 0.373512778125 0.08919451875000003 0.373512778125
0 0.4648406468687728 0.1045099675560929 0.36694884234373937 -0.02439667439997415 0.17996878083704415 0.11759613026349924 0.2778605853620776 0.2465027722195663
0 0.6333856086044138 0.9030764316251926 0.5451512188731035 0.8120700019509594 0.4150700001419253 0.9381889694935384 0.5033043898732357 1.0291953991677714
0 0.9498578099153454 0.6328561895153669 0.7965393803711519 0.5456633716730285 0.65544871249238 0.7937549021202864 0.8087671420365735 0.8809477199626248
0 0.6709772134742713 0.8400684657516766 0.6391595367724984 0.6936561896084718 0.48265571699563664 0.7276669165189817 0.5144733936974095 0.8740791926621867
0 0.21242127816023432 0.13355838050200902 0.038989465117843757 0.03834076883925602 -0.02695390830194396 0.15845172951775147 0.1464779047404466 0.2536693411805045
0 0.1783269106659671 0.9939104141289048 0.13006553892034417 0.8003446481933949 0.06370290741941431 0.8168907125938076 0.11196427916503722 1.0104564785293175
0 0.3776450735064164 0.9299816982967641 0.2277581968749999 0.8486652156250001 0.1487403658574801 0.9943150949638868 0.2986272424888966 1.0756315776356509
0 0.8977936534574311 0.8736237786807761 0.8558032798400184 0.7581979506155286 0.6620678574962044 0.8286763080464622 0.7040582311136172 0.9441021361117097
0 1.00237669321249 0.8900502363201003 0.9744789114330071 0.778158346554932 0.880699870532441 0.8015400878413109 0.9085976523119241 0.9134319776064792
0 0.99568949422451 0.4213192208148847 0.9488380602768359 0.23340839361054083 0.8377881801562559 0.2610962400256313 0.8846396141039298 0.44900706722997513
0 0.9432994453125 0.21119421874999994 0.9223080687499999 0.12700240625 0.8656623919450951 0.14112575978214345 0.886653768507595 0.22531757228214339
0 0.2543120853106993 0.43213599718630136 0.13293076738270987 0.34536999005701813 0.02934592171397794 0.4902800245351938 0.15072723964196738 0.5770460316644771
0 0.3911189195251825 0.3923532279788307 0.29850651484909674 0.37967526376517824 0.27135927981019353 0.5779855504082266 0.36397168448627937 0.5906635146218789