2 0.5609375 0.004687500000000052 0.2921875 0.004687500000000036 0.2921875 0.28906250000000006 0.5609375 0.2890625000000001
2 0.7125 0.03281250000000007 0.4734375 0.03281250000000006 0.4734375 0.3281250000000001 0.7125 0.3281250000000001
2 0.9109375 0.10468750000000011 0.6 0.10468750000000009 0.6 0.38750000000000007 0.9109375 0.38750000000000007
2 1 0.1953125000000001 0.690625 0.19531250000000008 0.690625 0.4796875000000001 1 0.47968750000000016
2 1 0.4015625000000001 0.65625 0.4015625 0.65625 0.6250000000000001 1 0.6250000000000002
2 0.99375 0.5125000000000001 0.615625 0.5125 0.6156250000000001 0.7906250000000001 0.99375 0.7906250000000001
2 0.8109375 0.5453125000000001 0.4359375 0.5453125 0.4359375000000001 0.925 0.8109375 0.925
2 0.5437500000000001 0.528125 0.2093750000000001 0.528125 0.2093750000000001 0.909375 0.5437500000000002 0.909375
2 0.38750000000000007 0.425 0.02343750000000005 0.425 0.02343750000000007 0.7421875 0.38750000000000007 0.7421875
2 0.37500000000000006 0.3296875 4.0375074159389303e-17 0.3296875 5.472640383689735e-17 0.5640625 0.3750000000000001 0.5640625
2 0.38125000000000003 0.16875 0.025000000000000022 0.16875 0.025000000000000033 0.4 0.3812500000000001 0.4
2 0.4390625 0.06093750000000003 0.103125 0.06093750000000002 0.10312500000000002 0.35625000000000007 0.4390625 0.35625000000000007
2 0.675 0.25625000000000003 0.359375 0.25625 0.35937500000000006 0.4671875 0.675 0.4671875
2 0.6953125 0.37187500000000007 0.3578125000000001 0.371875 0.3578125000000001 0.596875 0.6953125 0.596875