2 1.0117133584399753 0.26280036621102737 0.9041175435119563 0.12001590111284707 0.6209550932331908 0.33339411823057674 0.7285509081612098 0.476178583328757
2 1.0201762875452967 0.47492244272009126 0.9953885041776391 0.3086044785451352 0.6651543535358722 0.35782208788347214 0.6899421369035297 0.5241400520584283
2 1.0119557313627834 0.4979396428873407 0.6444084657020345 0.4333995182393549 0.6105855093392513 0.6260166722270143 0.9781327750000001 0.6905567968750003
2 0.9305286304712771 0.7733858986618681 0.711275629164142 0.4785879473611304 0.5414728211792276 0.6048770722237784 0.7607258224863627 0.8996750235245161
2 0.6859760581022452 0.9164719767267338 0.6142387212955084 0.5543037737826696 0.3590828238549007 0.6048443911094454 0.43082016066163736 0.9670125940535096
2 0.8445679187671005 0.11088285300875966 0.6535761416298144 0.034292700411276765 0.553542033092318 0.283746337934758 0.7445338102296042 0.3603364905322409
2 0.6468547002991605 0.04750378709788981 0.45123877847268384 0.004795297002859122 0.3908471946797083 0.28140435782279166 0.586463116506185 0.3241128479178223
2 0.5508599631814937 0.19087617698695436 0.2773105466449203 -0.02644640940795644 0.15258861894271677 0.13054422427729329 0.4261380354792902 0.3478668106722041
2 0.3936236880048453 0.2932925535502506 0.08052571235974815 0.022501814592963198 -0.04914551923350767 0.1724323486562381 0.2639524564115895 0.44322308761352547
2 0.36436239003426074 0.3465538849315183 0.02680945156250003 0.27427743281249994 -0.018237732676809438 0.4846614370635408 0.3193152057949512 0.5569378891825592
2 0.5381994960285296 0.6232436843767425 0.3788503249724887 0.44248929360048983 0.061489995136560616 0.7222673132007242 0.22083916619260147 0.903021703976977
2 0.37192141865657175 0.6181421203952701 0.3402209959582196 0.4077198487505074 -0.024027824524985898 0.46259446580714353 0.007672598173366285 0.6730167374519062
2 0.6849939706651118 0.47823172305512135 0.3633718237756723 0.31181055801824437 0.27937890611908756 0.47413355638346266 0.6010010530085271 0.6405547214203395
2 0.7518553903419374 0.36259124921432717 0.4229319143285072 0.22945544459223172 0.36308543097374213 0.3773113379644513 0.6920089069871723 0.5104471425865468