2 0.36840018917900597 0.33589091407046645 0.06376973277847463 0.1517387453776174 -0.02659460057400349 0.3012223398793428 0.27803585582652784 0.48537450857219183
2 0.31769187343750005 0.3419482140625 4.27839325036155e-17 0.3419482140625 5.342800450210644e-17 0.5157791015625001 0.3176918734375001 0.5157791015625001
2 0.3983456893079565 0.5951148479868644 0.33787795686891015 0.4110771089026846 -0.027972271501546353 0.5312814421658203 0.0324954609375 0.7153191812500002
2 0.4615702264651967 0.601333766478321 0.2796649441290897 0.4875010651421009 0.08538927073399102 0.7979546589261226 0.26729455307009803 0.9117873602623426
2 0.6372939885764607 0.5903295030021608 0.3737729056004296 0.5654679594829244 0.33942452214074514 0.9295452421652506 0.6029456051167762 0.9544067856844871
2 0.43541999592841024 0.2853015716714024 0.31833760190899163 0.04190043205820686 0.13474387377606628 0.1302138773071207 0.25182626779548484 0.3736150169203163
2 0.5755308495878199 0.2924600102247762 0.5338062260510198 0.0070140035298219775 0.3384340983049633 0.03557221870394202 0.38015872184176336 0.3210182253988963
2 0.8233566898187213 0.1005897759133069 0.6859808447870358 -0.04172411915512693 0.433175539795827 0.2023092718567637 0.5705513848275124 0.3446231669251975
2 1.0319198003142758 0.17215407640275665 0.9068679084785728 0.01225759560103148 0.583275776133209 0.26533263596489853 0.7083276679689119 0.42522911676662367
2 1.002029091177361 0.4622942455608701 0.9607286499999999 0.24982189843749997 0.6274773766061088 0.31459938501599327 0.66877781778347 0.5270717321393634
2 0.9495039064285299 0.6994340794028965 0.6182696690537566 0.43610374139348773 0.468362472342824 0.6246668836234639 0.7995967097175972 0.8879972216328728
2 1.0226935900084542 0.4449622586352001 0.6608019877587192 0.3919434252577907 0.6304242245657179 0.5992934685230284 0.9923158268154528 0.6523123019004379
2 0.7141661221137652 0.45141717976658546 0.6128008587889527 0.298151476394613 0.31363073512219436 0.4960134748535796 0.41499599844700674 0.649279178225552
2 0.6295044150243212 0.3808146914689631 0.5697577703365161 0.23345664095029148 0.24229543530675998 0.36622696269924 0.30204207999456506 0.5135850132179115