1 0.7205513568093386 0.2191548447106752 0.6180020521101721 0.06614147125110836 0.334837876061843 0.25591762422993114 0.43738718076100935 0.40893099768949803
0 1 0.18833452343750012 0.909337171875 0.18833452343750012 0.909337171875 0.5851998562500003 1 0.5851998562500003
1 0.23971902146107577 0.14602313726870256 0.1533624396110864 0.09664184601433758 0.028654073652671676 0.31472824956325895 0.11501065550266103 0.3641095408176239
0 1.101411762411638 0.33594789292186056 0.7669650992331777 0.049685366863727334 0.5195394693891353 0.33875804929147957 0.8539861325675957 0.6250205753496128
0 0.8860604163643881 0.6787218134195405 0.6184956726016155 0.31252388688357113 0.33418716338511667 0.5202556294897555 0.6017519071478894 0.8864535560257248
0 0.6075032517116525 0.6202937548889452 0.39743642082660635 0.34556650335384764 0.1338362234667336 0.547125168432208 0.34390305435177987 0.8218524199673057
0 0.4668967890625 4.706436449430348e-17 0.20621998281249998 3.1102513675002624e-17 0.20621998281249998 0.12214133906250005 0.4668967890625 0.12214133906250005
0 1.019330623904943 0.594435429065846 0.8928754609351272 0.5243401863033499 0.6927960370301843 0.8852930150500038 0.8192512000000001 0.9553882578125
0 0.758935079544672 0.09456662448510618 0.7108781526596022 -0.07069063468926769 0.36197379165353183 0.030770998224893542 0.41003071853860157 0.1960282573992674
0 0.4627898095157307 0.19991231006564733 0.2706715351722239 0.10600057950703552 0.1964132422563885 0.25791317877258824 0.38853151659989527 0.3518249093312
0 0.7863401021483847 0.9089871905047365 0.48418687815132355 0.6761246148876328 0.326803675954501 0.8803388035382994 0.6289568999515621 1.113201379155403
1 0.46806637716287564 0.9477081694087216 0.40125351168055357 0.7368608992087637 0.26820869561267896 0.7790198770823363 0.3350215610950011 0.9898671472822942
0 0.2403586731495066 0.7585507737334266 0.23584890313056453 0.5942022218777379 0.06541364081449252 0.5988790129263044 0.06992341083343463 0.7632275647819932
1 0.30325204843750003 0.36561869062500013 0.20563064831323435 0.24402238988822597 0.05358927331323442 0.366086069575726 0.1512106734375001 0.48768237031250017
0 0.34391078277026177 0.8758175954718279 0.19974692532043564 0.8044929930264397 0.1572946409876741 0.8902990803671121 0.3014584984375003 0.9616236828125004
0 0.17335345485930798 0.5330299890928313 0.09745737432640607 0.4867567264399142 -0.03594297740790191 0.7055561639095831 0.039953103125 0.7518294265625001
0 0.14989204062500003 0.339590403125 4.3622758060037197e-17 0.339590403125 6.623196376785479e-17 0.708826753125 0.14989204062500006 0.708826753125