0 0.8547421078124999 0.47986832968750004 0.15758654843750008 0.4798683296875 0.15758654843750014 1 0.8547421078124999 1
0 0.18048929370781336 0.976527034195049 0.04556206815519339 0.65380592598415 -0.03546881383572984 0.68768431761378 0.09945841171689014 1.010405425824679
1 0.253514428125 0.04507724375000004 8.583869449875607e-18 0.045077243750000016 3.135271399119605e-17 0.41692069375 0.253514428125 0.41692069375
0 0.13793677968750004 0.36632752968750004 4.6622103298977446e-17 0.36632752968750004 5.777799116883178e-17 0.5485170046875 0.13793677968750007 0.5485170046875
0 0.6001487374639769 0.2933653465537988 0.2773719302144625 0.09775497956377996 -0.16513072564731787 0.827928930240863 0.15764608160219656 1.0235392972308819
0 0.6932565171875 6.984799951598957e-17 0.29526105937499997 4.5477806341726394e-17 0.29526105937499997 0.16702072968750006 0.6932565171875 0.1670207296875001
0 0.6471482171874999 0.541275825 0.5733519239743442 0.09390038535184753 0.3545294019613409 0.1299959989349579 0.4283256951744967 0.5773714385831104
0 0.6784580353426306 0.12572332182065332 0.6109127667594707 0.12434686057098163 0.6068890801206398 0.32179593135240314 0.6744343487037997 0.3231723926020748
0 0.711418969367418 0.10417836909669327 0.6242475312609164 0.0666184954821365 0.5252708465203654 0.2963301296688877 0.6124422846268669 0.33389000328344454
0 0.2623733669918068 0.9545586700418746 0.1975494492551216 0.8614674570553177 0.12197994778170496 0.9140901589167972 0.18680386551839018 1.007181371903354
0 1.0369961388883833 0.6215010297172134 0.9034977960420683 -0.006559289950240577 0.5291456007669455 0.07301172599384902 0.6626439436132603 0.701072045661303
0 1 0.41279734687500014 0.794496584375 0.41279734687500014 0.7944965843750001 0.933386428125 1 0.933386428125
0 0.9022576702929731 0.8753099744879513 0.8644534492591536 0.7794608366633093 0.8182576424778774 0.797681099568439 0.856061863511697 0.893530237393081