2 0.84258643857677 0.41297274609049006 0.6584553049961038 0.4112662114720447 0.657403863467816 0.5247143175959048 0.841534997048482 0.5264208522143502
2 0.6879270313855542 0.5278323864949929 0.6502996689214393 0.4316341868562083 0.48869567225945787 0.49484464381780013 0.5263230347235728 0.5910428434565846
0 0.3170790585157295 0.9270856747280872 0.2704288737134757 0.8072324775583741 0.16677523772261357 0.8475773443503064 0.21342542252486738 0.9674305415200195
2 0.22758466799995752 0.8556847428936015 0.17719418495332465 0.7790202890763707 0.13032203047615587 0.8098287066406797 0.18071251352278878 0.8864931604579105
0 0.6289105947574379 0.815935498899494 0.4562024514042725 0.8118275694695856 0.45400999970193406 0.9040039978535541 0.6267181430550994 0.9081119272834626
2 0.2199186340244937 0.45749308416165624 0.1926206592742865 0.3569773640676391 0.017527457893393238 0.4045290284815028 0.04482543264360041 0.50504474857552
2 0.13013199618800889 0.29116200944558424 0.053492707541343575 0.2575268405078885 0.005710720880106113 0.36640030787845446 0.0823500095267714 0.40003547681615015
2 0.2575046214678266 0.203039376425708 0.19840005011594258 0.12068936238367792 0.01365732894548497 0.2532836244755773 0.072761900297369 0.3356336385176074
0 0.2759083468750001 0.2885712968750001 0.17780696595249096 0.24804085588022073 0.12657170109794436 0.37205258905650035 0.2246730820204535 0.41258303005127966
2 0.20092608379706736 0.28988385137847106 0.13359964957724738 0.24654773334109925 0.07935489296905698 0.33082168779179577 0.14668132718887694 0.3741578058291675
0 0.38323050513794527 0.8112487144524307 0.30843490043695365 0.7791602722982225 0.25853965135729357 0.8954621266757293 0.3333352560582852 0.9275505688299376
2 0.36444848687500936 0.7313880729919088 0.3137030835363219 0.6068990618900509 0.11446067034273577 0.6881161631441476 0.1652060736814232 0.8126051742460054
0 0.20315206530907046 0.7808387242158116 0.14391287570764916 0.719953156452522 0.10972354060271913 0.7532179937371412 0.16896273020414046 0.8141035615004306
2 0.3199269655926843 0.798915082858305 0.27926510897958384 0.7257049334615779 0.16503627052988362 0.7891490964416684 0.20569812714298408 0.8623592458383957
1 0.4691217113802312 0.8039594388185831 0.4512579495539229 0.7083123737598271 0.2346417265163306 0.7487692410320317 0.25250548834263886 0.8444163060907878
2 0.5758470402902154 0.7040316743412219 0.4152905539303597 0.7020038696839853 0.41420919200923556 0.7876233941877047 0.5747656783690913 0.7896511988449413
0 0.454849837930212 0.7839006906464678 0.4311325775475866 0.7600947690253808 0.3692792107616091 0.821717773123051 0.3929964711442345 0.8455236947441381
0 0.4827799250000001 0.7754017421875001 0.43449787111705496 0.760011830391238 0.415924568130452 0.8182809892697985 0.46420662201339713 0.8336709010660608
2 0.5508460226078016 0.8122292647737576 0.5390123670568217 0.7632964660160109 0.44560216233190814 0.7858863079159933 0.45743581788288806 0.8348191066737399
2 0.644441659261667 0.6201112395735178 0.46841780914504005 0.5920019149214881 0.44984727420409937 0.7082927578889198 0.6258711243207263 0.7364020825409494
2 0.5517463226675787 0.6548034286511205 0.506092541211683 0.5621000624526752 0.33030282253926074 0.6486715185666251 0.3759566039951564 0.7413748847650704
2 0.3831727754272468 0.5701488696239143 0.31718811167455674 0.4823687580232073 0.18525528507410863 0.5815431956312634 0.2512399488267987 0.6693233072319705
0 0.24976573800026278 0.6624519445099722 0.19429392450830502 0.53045447745254 0.09777572638045791 0.5710161609793778 0.15324753987241566 0.7030136280368101
0 0.32237835374489754 0.501172470333256 0.1852427004903921 0.41578467274534303 0.13359236469276134 0.4987368361751363 0.27072801794726675 0.5841246337630492
2 0.39287068007388487 0.44943371384995984 0.3792291606420283 0.36616195051697076 0.19382775234632713 0.39653427377192274 0.20746927177818378 0.4798060371049117
2 0.46439275195903235 0.4706064098808856 0.2894616106390345 0.42152850079878 0.26332346124915773 0.5146941712660025 0.4382546025691556 0.5637720803481079
2 0.5760418460716121 0.5069558465429185 0.5047672925482849 0.42790883139411956 0.3504458668722792 0.5670562829890426 0.4217204203956064 0.6461032981378416
2 0.5884158931297633 0.4764260679501837 0.580701342359077 0.3719365656466397 0.37488568533482475 0.3871321144865913 0.382600236105511 0.4916216167901354
2 0.4932445820929436 0.3712144373813474 0.41396359335241933 0.262209980676654 0.29389309600797453 0.3495395086226817 0.3731740847484988 0.45854396532737507
1 0.38660395521260177 0.3856414925234203 0.33335358362989664 0.1541259743082862 0.15546534196719006 0.19504165478518115 0.2087157135498952 0.42655717300031526
2 0.5221060066247502 0.1937038561022544 0.4367803763803896 0.07060896513681676 0.32764748371447705 0.14625656329524644 0.4129731139588376 0.2693514542606841
2 0.5348287103838274 0.28906901225949505 0.5140622023596155 0.19716486035422545 0.3683711691325756 0.23008496187133187 0.38913767715678754 0.32198911377660144
2 0.5369405680086208 0.2932139279225578 0.4390426598491586 0.28024846876815446 0.4230641929582838 0.4008966051421459 0.520962101117746 0.41386206429654926
2 0.7056199073897663 0.358445145450937 0.5366022587531502 0.3557245500240199 0.5350255127807306 0.45368027475946404 0.7040431614173468 0.4564008701863811
2 0.6871488313010973 0.32471901409812226 0.6360416319579201 0.22807270187257794 0.4657555192968056 0.3181211072875347 0.5168627186399828 0.414767419513079
2 0.8180378193504401 0.3961322356239905 0.7929984172460616 0.2970267073002841 0.6349186315455633 0.3369661878285559 0.6599580336499418 0.43607171615226237
2 0.7918152599421535 0.29891568364207854 0.7585875971036489 0.2022157094424867 0.6089216922465809 0.2536433159767535 0.6421493550850854 0.35034329017634536
2 0.7463152672866088 0.23045716357290438 0.7190961637492543 0.1502111118180857 0.5782943436457245 0.19797046241337268 0.605513447183079 0.2782165141681914
2 0.6338129955810324 0.18299594302152541 0.5469375261254057 0.14652007713409726 0.47695036351210585 0.313210228552636 0.5638258329677326 0.34968609444006415
2 0.6433719375839457 0.12369457572450822 0.6031255582970358 0.033926699208027065 0.4267117259533979 0.11301978109301347 0.46695810524030784 0.2027876576094946
2 0.7423897884222711 0.1035702312444546 0.656351552932691 0.02214885610255628 0.5270812084625716 0.15874925519868938 0.6131194439521517 0.24017063034058767
0 0.40307537489740286 0.6109935396224342 0.30804535735074234 0.57403859065566 0.2496373612956771 0.7242353314215186 0.3446673788423375 0.7611902803882928