1 1 0.0402846593750001 0.67863606875 0.04028465937500008 0.67863606875 0.636145415625 1 0.6361454156250002
1 0.7326021580847514 0.03827081699881356 0.5874913084891757 0.007426554074674674 0.5725459452895082 0.07773896052614959 0.7176567948850839 0.10858322345028848
1 0.4427564554554938 0.04068554141912537 0.19832522273062897 -0.06503725994208368 -0.08592483050083963 0.5921491749509403 0.15850640222402518 0.6978719763121495
0 0.8176876539663501 0.5578671796696372 0.6129705405415085 0.10465134339499702 0.35189209534699445 0.222580200685144 0.5566092087718362 0.6757960369597842
0 0.6685635447249526 0.7234083901060802 0.4458319590077008 0.47563333299281724 0.12037708789929616 0.7681933685586351 0.34310867361654795 1.0159684256718982
0 0.9790785899944007 0.6509796158230818 0.6714378998943838 0.5855885685113549 0.5881981678207069 0.9772007183643835 0.8958388579207238 1.0425917656761103
1 0.9935100714792384 0.6732515785518117 0.9229009225721935 0.48462882538129615 0.6018786758416054 0.60480047615443 0.6724878247486504 0.7934232293249457
0 0.6606032390625002 0.780514865625 0.41947732343750016 0.780514865625 0.41947732343750016 1 0.6606032390625002 1
0 0.29431793943203 0.6287830782674593 0.12224128097772043 0.5860852848034259 0.04150518206199143 0.9114603684071699 0.21358184051630102 0.9541581618712034
0 0.12851444687500008 0.673906459375 8.305278893206692e-17 0.673906459375 9.778403007041495e-17 0.9144858843750001 0.1285144468750001 0.9144858843750001
0 0.5903736203125 0.008039209375000089 0.4543048662026578 -0.02869722268828929 0.42156353322786594 0.09257400958871156 0.5576322873377081 0.12931044165200095