0 0.43364222343750003 4.052393093458097e-17 0.2281637921875 2.794200577837437e-17 0.2281637921875 0.07078445156250003 0.43364222343750003 0.07078445156250004
0 0.7435931276021945 0.565031922716848 0.4996128643575748 0.552419432908442 0.4830707149018548 0.8724163597760043 0.7270509781464746 0.8850288495844104
1 0.8769410541504843 0.3669558014677189 0.7559769280228082 0.2220775969183022 0.3898128520339637 0.527801412374827 0.5107769781616398 0.6726796169242437
1 0.8460734667166874 0.1313584507092697 0.6927783015625001 0.11979529062500012 0.6836941572744721 0.24022563914297484 0.8369893224286594 0.2517887992272444
0 0.2241470461839017 0.7716547694283238 0.011004815300815563 0.731951339067943 -0.015884865258086012 0.8763047727646194 0.19725736562500013 0.9160082031250001
0 0.3969023848852566 0.20152886287317334 0.23867765349693687 0.1293988391167013 0.14837408937584134 0.32748912707652184 0.30659882076416106 0.39961915083299393
0 0.431363543340946 0.8592810154121778 0.3540147407757786 0.7586493931710715 0.18549695337456162 0.8881777539003209 0.26284575593972903 0.9888093761414272
1 0.2834784187234438 0.8474345572829011 0.269802818748697 0.6513814527012539 0.19913041267699078 0.6563111759859318 0.21280601265173765 0.852364280567579
0 0.4052240432268729 0.561992251083326 0.27239344188879466 0.5218190419262263 0.23490961790408632 0.6457573327625105 0.36774021924216455 0.6859305419196101
0 0.7862992613187023 0.7376624886155833 0.7507575101616742 0.6956354384160592 0.659801734990425 0.7725556008372549 0.695343486147453 0.8145826510367788
0 0.6536370632623527 0.05406161203736583 0.2670545390625 0.024902904687500033 0.24135794128661692 0.3655852097141305 0.6279404654864696 0.39474391706399625
0 0.456815766384684 0.5672946831049034 0.361832953460005 0.45192851992723976 0.276996969887821 0.5217753461973365 0.37197978281250005 0.637141509375
0 0.34347427173969625 0.44108581027939237 0.22625757928779094 0.3911811350978276 0.1913956222608624 0.4730653128873782 0.3086123147127677 0.522969988068943
0 0.4329378101097648 0.4000598971520022 0.3496102664315811 0.2913402762494801 0.23385748562098746 0.3800583458931742 0.3171850292991711 0.4887779667956963
0 0.7895337228949975 0.8955249175910225 0.7405444448665965 0.7853163652569691 0.6407520125965991 0.8296755289159469 0.689741290625 0.9398840812500003