0 0.9460283125000002 0.27403521875000003 0.9367146771073914 -0.009293323465473175 0.4874572373181226 0.00547476152482064 0.4967708727107314 0.28880330374029384
0 1.0099286037888002 0.43249486958800765 0.9693007769100481 0.21851047368234858 0.5075489122940716 0.3061802999664566 0.5481767391728238 0.5201646958721157
1 0.5284457250328838 0.025258099743005635 0.48662088429404593 -0.022842401445454817 0.24635004958798187 0.18608035710117823 0.2881748903268197 0.2341808582896387
0 0.5789840468749999 0.04481046250000007 0.5054276973133518 0.0103335780441145 0.4148753556660201 0.20352677983586948 0.48843170522766827 0.23800366429175507
0 0.5708073417682312 0.30222533497936144 0.5139658798323128 0.1850760639840755 0.36802199646245687 0.25588882808297975 0.42486345839837536 0.3730380990782657
0 1.0200601670719478 0.713246961451659 0.769673422803143 0.6586240883636049 0.7386341903878109 0.8009053692575874 0.9890209346566156 0.8555282423456415
0 0.589885996690976 0.5278496828171223 0.5394497367034926 0.3650016929478658 0.25985089952395374 0.4515972944993929 0.31028715951143715 0.6144452843686494
0 0.9598044643624222 0.48318257753599375 0.9283765109089661 0.3998867185788092 0.6408329785833332 0.5083783634565876 0.6722609320367894 0.5916742224137721
0 0.8735939125396518 0.5768727572161094 0.8534481625427353 0.46257824969325406 0.45260035816961447 0.5332323854757544 0.47274610816653106 0.6475268929986097
1 0.45109366351082425 0.36838147712255853 0.3952881565782545 0.3048482668651645 0.22091131637880915 0.45801521569720843 0.2767168233113789 0.5215484259546026
0 0.40864820855428396 0.612573784117092 0.3507519314733393 0.5368827000872219 0.2287251119665977 0.6302212834094095 0.2866213890475424 0.7059123674392795
0 0.3320925169836625 0.5542311210200788 0.2882210461971963 0.5071063664908226 0.24746661944138726 0.5450472886387917 0.2913380902278534 0.5921720431680477
0 0.7428887335203794 0.7289048062497798 0.714527651899347 0.5924803827978653 0.5151120513555714 0.6339366116784856 0.5434731329766039 0.7703610351304
1 0.4748271279337833 0.6686669523769331 0.4264930142680755 0.6009090881873982 0.25484705428370324 0.7233503050022805 0.303181167949411 0.7911081691918154
1 0.2562072397793589 0.5792210649060815 0.25406831373776717 0.4666370694657191 0.18887448606528526 0.467875653824129 0.19101341210687697 0.5804596492644913
1 0.7907150919359168 0.8445082350626751 0.7634263033529567 0.7443710939306786 0.5618054663836286 0.7993156263167487 0.5890942549665887 0.8994527674487454
0 0.8575107476450861 0.6441858122243651 0.8531400507378649 0.5782020002244718 0.7233869940050216 0.5867967034793495 0.7277576909122427 0.6527805154792429
0 0.9376486910091799 0.8431566214944958 0.8812131343617601 0.727533328399579 0.5453919188308737 0.8914471620675106 0.6018274754782934 1.0070704551624274
0 0.47246910287260063 0.8100101630665278 0.4172217492699846 0.7015811266857326 0.27875451874999996 0.7721337046875001 0.334001872352616 0.8805627410682952
0 0.684176753125 0.7424029453125 0.5193478406250001 0.6719195953125 0.46996147891644535 0.787412123586947 0.6347903914164453 0.857895473586947
0 0.44379001777144966 0.9632786087449793 0.2733081050559568 0.8110611265194005 0.19780745092673752 0.8956210321164809 0.3682893636422303 1.0478385143420597
1 0.3630303246658045 0.25056762481434286 0.2861324111300931 0.2113861845210049 0.1211543686895609 0.5351738540886306 0.19805228222527224 0.5743552943819686