0 0.9651016061181339 0.4232312124360014 0.7367438989861835 0.20684475915249217 0.45601251366061596 0.5031071845499341 0.6843702207925664 0.7194936378334432
0 0.6647774559495023 0.742803071406027 0.5192868930456094 0.4257380683002118 0.2634421890420733 0.5431366762728231 0.4089327519459663 0.8602016793786383
0 0.40805501289117707 0.9994997145360636 0.37827516061414956 0.5905113996987384 0.19345272025245314 0.6039689601516337 0.22323257252948067 1.0129572749889586
1 1.1163486676673275 0.5522472289086371 0.9452955944683185 0.39058836006500514 0.6094549937354393 0.7459450891531374 0.7805080669344484 0.9076039579967693
0 0.701532443281996 0.7667629136381114 0.5362530619405118 0.7011665090076356 0.425659811705377 0.9798217810820258 0.5909391930468612 1.0454181857125018
0 0.8229583884137126 0.8826424729832143 0.693840200990613 0.7980390714566538 0.5763831830977182 0.977297079725884 0.7055013705208177 1.0619004812524444
0 0.21128642031250008 0.436514896875 5.578563979342108e-17 0.436514896875 6.422954914439871e-17 0.5744144015625 0.21128642031250008 0.5744144015625
0 0.5789667216301211 0.46882606111373626 0.46896858081965365 0.24549959085916306 0.1414283434542673 0.40682761037132364 0.2514264842647348 0.6301540806258968
0 0.7224826828444645 0.2092910012308093 0.45379094507764356 0.1463719528879723 0.39518039971369323 0.3966645065752334 0.6638721374805142 0.45958355491807035
0 0.5660714828125 6.253637458094528e-17 0.45121016718750007 5.550314745464478e-17 0.45121016718750007 0.11200881875000004 0.5660714828125 0.11200881875000006
0 0.661149030800677 0.1292112590925655 0.5948273191631085 0.048984829534256 0.5172113047630257 0.11314855904135449 0.5835330164005942 0.19337498859966398
0 0.7076055860808788 0.223171435442126 0.6936005208870313 -0.013984742043953818 0.4512295152347915 0.0003282805862799276 0.46523458042863897 0.23748445807235977
0 0.5517036391211524 0.13480259833347755 0.2979362266487112 -0.05757493677687255 0.12177350133424872 0.17480333416573834 0.37554091380668986 0.36718086927608845
0 0.17684160434222068 0.2384865754704303 0.11228195652622523 0.18142244213876152 0.018559743750000024 0.28745529843750006 0.08311939156599549 0.34451943176916877
0 0.1377029000000001 0.562274603125 6.885877929588796e-17 0.562274603125 8.443335163844772e-17 0.816626671875 0.1377029000000001 0.816626671875
0 0.22777702087797386 0.8972948513480862 0.160720303716798 0.6711009654703012 0.07491804130617115 0.6965376302144894 0.14197475846734703 0.9227315160922744
0 0.3084958761250005 0.3087912193067414 0.12348101186542908 0.15728082198194 -0.07042875545096679 0.39407110114501454 0.11458610880860465 0.545581498469816
0 0.15171922026852078 0.3476786269671877 0.007792686541032656 0.29544635244748707 -0.01949230622664271 0.3706304118808921 0.12443422750084543 0.42286268640059266
0 0.3251851002279197 0.7101550492475892 0.20045106947431074 0.4958659850931748 0.06229120156249999 0.5762865015624999 0.18702523231610887 0.7905755657169143
0 1.0295404021862367 0.1964714106218323 0.7183019440044311 0.08327349168425853 0.64636228578462 0.28107207770603837 0.9576007439664256 0.3942699966436121