0 0.7942695057336528 0.8682640473525609 0.7838836874971197 0.46025219613668106 0.46939004005155416 0.4682575367883815 0.47977585828808744 0.8762693880042611
0 0.7849204809048977 0.429819791794298 0.6733458139798169 0.171382102529792 0.3530673570990326 0.30965513171315673 0.4646420240241135 0.5680928209776628
1 0.8045611719271868 0.11182136788473915 0.713537242207196 -0.04191143496277592 0.33869489123062363 0.18002964188866413 0.4297188209506143 0.3337624447361792
0 1 1.1607968292783503e-16 0.8798969078125 1.0872548955707895e-16 0.8798969078125 0.1525423734375001 1 0.15254237343750013
1 0.9920407686948536 0.8775773767594428 0.9822072492374456 0.38563414213978575 0.7473021237644599 0.3903296922752997 0.757135643221868 0.8822729268949565
0 0.954089625292661 0.0974256461024217 0.787370547451443 0.035579782951711936 0.6615479447595197 0.37476218293311875 0.8282670226007376 0.4366080460838285
0 1 0.1906779656250001 0.8474570453125001 0.1906779656250001 0.8474570453125001 0.4237288140625002 1 0.4237288140625002
0 0.3393632696610735 0.22407583129880265 0.14775204179363582 0.10590718104761429 0.07539923477866294 0.2232277238677714 0.2670104626461006 0.3413963741189598
0 0.5378242742308649 0.576005800743458 0.4023639566715193 0.2369485206758327 0.17118483144499436 0.3293093091244124 0.3066451490043399 0.6683665891920377
0 0.5969274298083589 0.6462520929377698 0.3597517348715621 0.5054362245808808 0.22668918760631093 0.7295530267988776 0.4638648825431078 0.8703688951557664
0 0.2613402062500001 0.8008474578125 0.11623711406250008 0.8008474578125 0.11623711406250008 0.9057203390625 0.2613402062500001 0.9057203390625
0 0.37165097207619996 0.8833794856794397 0.3569049538776281 0.7837612929991963 0.253936356706964 0.7990032560072359 0.26868237490553587 0.8986214486874792
0 0.4656038699355616 0.8820186635400539 0.3432571355877493 0.6874907618690985 -0.006406335248544526 0.9074087448939959 0.11594039909926783 1.1019366465649512
0 0.31375773125000006 0.49258474531249996 6.10377455901693e-17 0.49258474531249996 7.913501561638275e-17 0.7881355937500001 0.31375773125000006 0.7881355937500001
0 0.08522336718750004 0.335805084375 4.112426217172506e-17 0.335805084375 4.9816140972535507e-17 0.4777542375 0.08522336718750005 0.4777542375
0 0.4178848796875 4.000176201398822e-17 0.10550171875 2.0873810106506125e-17 0.10550171875 0.16101694843750003 0.4178848796875 0.16101694843750006
0 0.5635410464961709 0.02259965955989216 0.5167979895849885 -0.05371638557489862 0.3156118858193109 0.06950873021102164 0.36235494273049323 0.14582477534581242
0 0.13569587656249998 0.061440678125000016 9.794579768448662e-18 0.061440678125 2.1275643510455098e-17 0.248940678125 0.1356958765625 0.248940678125
0 0.2385945015625 0.19385593281250002 2.6854013488522626e-17 0.1938559328125 4.6248578753897124e-17 0.5105932203125 0.23859450156250003 0.5105932203125
0 0.16903084017107398 0.3053813518496049 0.025656286744536128 0.24878652496658646 -0.0037927057850180245 0.32339115555435455 0.13958184764151982 0.37998598243737297
0 0.5107083871201048 0.22685036316334442 0.46184742564064035 0.07463927699769493 0.2257646046875 0.15042372812500002 0.27462556616696443 0.30263481429064953
0 0.7581450636592109 0.9444820689144098 0.47364558513414873 0.7632907506569029 0.370818496958255 0.9247457985346192 0.6553179754833172 1.1059371167921264