0 0.36329304218749997 0.9809496281250001 0.29206743422980214 0.5371284293864645 -0.011894674761313184 0.5859090781489195 0.059330933196384626 1.0297302768874548
0 0.5309754725096443 0.9999828905137302 0.5289867676624523 0.5434439901329604 0.31118171415917917 0.5443927591541404 0.3131704190063712 1.0009316595349103
1 0.1888675784361918 0.33608745388262634 0.1293093152480283 0.3066492135748372 -0.011702478535016603 0.5919386004049142 0.047855784653146924 0.6213768407127034
1 0.24060994076150172 0.5386355058542213 0.19273128048955104 0.4730090924764646 0.020365783478049338 0.5987607319347432 0.06824444375000001 0.6643871453125
0 0.3610340175938718 0.4504694002528158 0.23519124524211926 0.4170254131376714 0.19352691966548066 0.5737996105645087 0.3193696920172332 0.6072435976796529
1 0.9697728270181571 0.9105805384044228 0.8051005431971892 0.6799753708364162 0.6842383748942285 0.7662815429482506 0.8489106587151964 0.9968867105162571
0 0.5761436877489512 0.2919355316089557 0.40666398210223154 0.2734987872678217 0.3750093559138926 0.5644838239690813 0.5444890615606123 0.5829205683102153
0 0.6101773230107543 0.9481744670235848 0.6079629946874734 0.6397928856139179 0.52370406367263 0.6403979053319655 0.525918391995911 0.9487794867416325
0 0.646745466994283 0.8520619263697198 0.6396161203718855 0.4450973797922232 0.5235775339855923 0.44713018415043615 0.5307068806079898 0.8540947307279328
1 0.4785480820556539 0.2767075321665216 0.40553396256874674 0.23405003666200436 0.28845379004160965 0.43444871467484847 0.3614679095285168 0.47710621017936566
0 0.6614146191931896 0.2512518232938419 0.576067063484824 0.20886180323073486 0.507727186675589 0.3464564878851852 0.5930747423839545 0.38884650794829223
2 0.5506640146996707 0.27758454699380536 0.49603400415346693 0.24351093908078236 0.46656647142338403 0.29075605700091195 0.5211964819695878 0.32482966491393495
0 0.7731722077858378 0.4907970954274094 0.6339163797229099 0.48936567563717226 0.6318209045995509 0.6932241981187477 0.7710767326624788 0.6946556179089849
1 0.7516390290099138 0.25624712275579575 0.6771379750817561 0.2154780310750713 0.5753470349955634 0.4014898357075686 0.649848088923721 0.4422589273882932
2 0.5312476973524155 0.2455703080761953 0.5200239578016601 0.181337941529005 0.4091003222551812 0.2007203504658129 0.42032406180593657 0.26495271701300316
1 0.899598227930373 0.7176201462325459 0.8994212478741586 0.504403939064759 0.7947154170442012 0.5044908501118713 0.7948923971004157 0.7177070572796581
0 0.70975297966508 0.8234303191986575 0.693431722225282 0.6944212430958688 0.6278262498636794 0.7027211537395209 0.6441475073034774 0.8317302298423097
0 1.0171306240095856 0.5034010171546035 0.8928632455216986 0.4700643042413743 0.7960917941782967 0.8307937679474545 0.9203591726661837 0.8641304808606834
0 0.8418967964595309 0.26443693159407966 0.7249182140624999 0.2308938625000001 0.6820826785598733 0.3802791261221471 0.7990612609569041 0.4138221952162266
0 0.8233996687499999 0.4849545921875002 0.6822122757071701 0.4484459648550779 0.6428032576130533 0.6008498467217842 0.783990650655883 0.6373584740542064
0 1.0147533380376241 0.26778228641691226 0.8306916400370834 0.12787143643412327 0.7620912408089076 0.21811966212216882 0.9461529388094483 0.35803051210495784
0 0.5207858944437136 0.200029297405737 0.4692518724428476 0.12692673133203386 0.1721787610531147 0.33634991687095306 0.22371278305398076 0.4094524829446563