0 0.8805690649354447 0.5711736189689509 0.6947460569654755 0.04844326167483133 0.4057697042193147 0.15117013481349717 0.5915927121892839 0.6739004921076167
0 0.45815017650083945 0.01119863574421398 0.36968330720082915 -0.09712880287855807 0.1269710425922985 0.10108500577064479 0.21543791189230882 0.20941244439341683
0 0.8980948984984509 0.17391819437179326 0.7861896093750002 0.08959150937499993 0.753676297319498 0.13273813118362804 0.8655815864429487 0.21706481618042134
0 1.0467753832332405 0.7635388935905935 0.9513234331936158 0.47585521473247 0.6184285940895148 0.5863079928557788 0.7138805441291395 0.8739916717139025
0 1 0.20390958437500012 0.8317354765625 0.20390958437500012 0.8317354765625 0.4540549500000002 1 0.4540549500000002
0 0.8802355261591892 0.31538885049273213 0.7740032053216774 0.2875506130704643 0.6988721046875002 0.5742552296875001 0.8051044255250119 0.602093467109768
0 0.7190549665458216 0.06094003908788168 0.616484174973298 -0.10122432148375374 0.2668392486703418 0.11993004766240886 0.3694100402428654 0.2820944082340443
0 0.5275551718532865 0.6771785717384662 0.5209528226678659 0.3488108240174033 0.15894748986668208 0.3560895096700762 0.1655498390521027 0.6844572573911392
0 0.19317569218750003 0.31167904375 3.9456979990249204e-17 0.31167904375 5.637707598075551e-17 0.58800518125 0.19317569218750005 0.58800518125
0 0.5171355999764821 0.6613407718512716 0.46594926389204383 0.6367917072071698 0.4058598368856131 0.762081922963372 0.45704617297005135 0.786630987607474
0 0.5281431154783687 0.6695919635952021 0.38598974349581444 0.6058329950239972 0.2854235026618412 0.8300497689542972 0.4275768746443955 0.8938087375255022
0 0.7198784687500001 0.709100428125 0.43631616406250007 0.709100428125 0.4363161640625002 1 0.7198784687500002 1
0 0.5959274127422822 0.5699104905479512 0.5574236166729137 0.45494463407112934 0.47926861488581124 0.4811199207417281 0.5177724109551798 0.5960857772185499
0 0.9037803674174393 0.7949854267357719 0.8834626511873145 0.7796749293107057 0.7266575319608141 0.987762349818612 0.7469752481909389 1.0030728472436778
1 1.0162985705828707 0.5029215836920269 0.9972964090418197 0.4342133424776836 0.6791043915839489 0.5222135009731568 0.6981065531249999 0.5909217421875
0 0.5421014681674925 0.2764505878429338 0.3806378938435565 0.22463700930831632 0.3395944042718445 0.35253839570933837 0.5010579785957805 0.40435197424395586
0 0.1964353191028577 0.16074646536578033 0.14913781146617078 0.12774666014923053 0.0803188866950763 0.22638250355951292 0.12761639433176322 0.2593823087760627
0 0.3777028305982426 0.2795505039811689 0.3482321096064229 0.10028630857547291 0.029494357728170224 0.15268623893471395 0.05896507871998992 0.3319504343404099
0 0.38541550557062987 0.8210179322000005 0.09275446190175277 0.5943086987965536 -0.01547935023966045 0.7340287267197109 0.27718169342921667 0.9607379601231578
0 0.33059367577546556 0.8633359790515103 0.3005243522999767 0.8021091774515312 0.2411382347529508 0.8312745156990143 0.2712075582284396 0.8925013172989933
0 0.06824150222857484 0.6822448764732051 0.002742257837814377 0.6728259068249117 -0.010494652386687597 0.7648750003189443 0.05500459200407286 0.7742939699672376
0 0.7011185284435785 0.724587566987883 0.5662515388524968 0.5847245104150012 0.49445938972632275 0.6539521625639848 0.6293263793174044 0.7938152191368666
0 0.6796397733185768 0.6053252881862001 0.3421732746267231 0.5117423246898004 0.31742604184068035 0.6009825206464009 0.6548925405325342 0.6945654841428006