0 0.8839365444349607 0.45008783105319383 0.5456758034629426 0.010364180607130135 0.30258730834944236 0.19736184242371096 0.6408480493214606 0.6370854928697747
0 0.31791042452698615 0.010964055997141831 0.1699723656443313 -0.05751004316461955 0.029742908505817033 0.24545522313603194 0.1776809673884719 0.31392932229779336
0 0.7778459265324571 0.06685968440178074 0.6453592937499999 0.021240878125000084 0.6277703360961958 0.07232292002603571 0.760256968878653 0.11794172630281637
0 1.0169881368920024 0.7094830895507959 0.934378346089637 0.34736302900527305 0.6550097795300724 0.41109487198982125 0.737619570332438 0.7732149325353441
0 1.0528695611413739 0.1615579170398323 0.7720936284697201 0.06487900749263029 0.7124291239654719 0.23815730550025632 0.9932050566371255 0.3348362150474583
0 0.8128549300533372 0.2126540470187881 0.701001766573686 0.21113497804921394 0.6969570201785881 0.5089606125834071 0.8088101836582393 0.5104796815529812
0 0.5301066296875 8.881784197001253e-17 0.31429255681954527 -0.05504049163764495 0.22699449856833268 0.2872556787652445 0.4428085714362874 0.34229617040288957
0 0.5836708357123008 0.6503218708889109 0.46690108751045517 0.34225014905881757 0.12401615147734764 0.4722152993976529 0.2407858996791933 0.7802870212277462
0 0.21904039375000012 0.4504905703125 5.639978724699678e-17 0.4504905703125 7.470734376698008e-17 0.7494756578125 0.21904039375000012 0.7494756578125
0 0.5661539646318163 0.6481490016879967 0.5098867882081914 0.6406189004209912 0.4914551501777039 0.7783456310536936 0.5477223266013288 0.7858757323206991
1 0.5791724915060034 0.6525948410562494 0.4242739967693872 0.6358842669785523 0.3979166127619245 0.8802037672523317 0.5528151074985407 0.8969143413300289
0 0.8554689640625 0.6507213546875 0.5575693062500001 0.6507213546874999 0.5575693062500002 1 0.8554689640625 1
0 0.6128359203894567 0.5368456269141989 0.5406902331156103 0.439404926124479 0.4744490158467327 0.488450326116343 0.5465947031205791 0.5858910269060629
0 0.9751734592004485 0.6557728161029093 0.95111895939872 0.6474901875502425 0.8604151192374276 0.9109132652968979 0.8844696190391561 0.9191958938495647
1 1.0170289293594788 0.3266477357331412 0.9777247857547435 0.26717430653821395 0.6772027485827646 0.46577999424257277 0.7165068921875 0.5252534234375
0 0.4716917395641117 0.40407275233881573 0.46744832358758764 0.2713511037151945 0.29912138638975694 0.27673290255503735 0.30336480236628105 0.4094545511786585
0 0.1064577217320887 0.2711573558953299 0.051277609897572074 0.25438841283963726 0.016307086554824334 0.36946289204536814 0.07148719838934096 0.38623183510106085
0 0.31556584100880025 0.3281319766095897 0.2321418400804529 0.1667485470251926 -0.05480331055205736 0.3150792187329258 0.028620690376289958 0.476462648317323
0 0.49022366541712364 0.8407147526084063 0.14182946790966006 0.7155386937248055 0.0820688580968385 0.8818664235158116 0.4304630556043021 1.0070424823994124
0 0.4511620037676076 0.8979024823366419 0.4036442549313465 0.8489642669453008 0.3561772865820479 0.8950534727327234 0.4036950354183091 0.9439916881240645
0 0.16154571458577685 0.8983802125433031 0.14569003167052028 0.8067458911793027 -0.004148239048794111 0.8326727281300391 0.011707443866462452 0.9243070494940395
0 0.7624432894571762 0.6642383923011362 0.5999461115890837 0.5578970192176982 0.5435710605259927 0.6440421049383249 0.7060682383940852 0.7503834780217629
0 0.7082459629931046 0.628284436949266 0.7012732466311279 0.5350550219342928 0.35271311631223845 0.5611241646336966 0.3596858326742153 0.6543535796486697