0 0.8325832979962883 0.6614274369785094 0.6780140626953168 0.5433362214969096 0.580700343654285 0.6707098544561672 0.7352695789552565 0.7888010699377668
2 0.6256848355314466 0.8133798147966484 0.6228712203125001 0.7002947046875001 0.4857496968173402 0.703706358131342 0.4885633120362868 0.8167914682404904
0 1.046580160204107 0.498342473533876 0.9467583793933769 0.274139081396249 0.8715312413172068 0.3076323609423871 0.9713530221279367 0.5318357530800141
0 0.6191691169188749 0.12039130227521819 0.5159073528635771 0.0029279410086371803 0.4247171148602855 0.08309306432289212 0.5279788789155831 0.20055642558947312
0 0.9931980354374934 0.6752372258879972 0.8908513229909716 0.5686312999301344 0.7793695543469148 0.6756590511168066 0.8817162667934367 0.7822649770746695
0 0.9880945584230671 0.6001492886167172 0.909756217162857 0.36301412587269555 0.7445116758501509 0.4176031759273062 0.8228500171103608 0.654738338671328
0 0.5757039517756393 0.6038414755185364 0.30844888879678567 0.4876422978901517 0.22335670188370563 0.6833520975342793 0.49061176486255925 0.7995512751626641
0 0.46713813194402515 0.8424724944017086 0.24175594436159892 0.6506170192276007 0.114805043331245 0.7997525691190781 0.3401872309136712 0.9916080442931859
0 1 0.6151293578125002 0.91999383125 0.6151293578125002 0.91999383125 0.8032176734375 1 0.8032176734375
2 0.4665286569209746 0.231723922157583 0.28573128448601287 0.05409936401442852 -0.018827686925951582 0.3640985125465816 0.16196968550901014 0.541723070689736
0 0.11624972968750003 0.1569588875 2.0344756661716e-17 0.1569588875 2.7141192493193964e-17 0.26795310781250004 0.11624972968750005 0.26795310781250004
1 0.6863201692915837 0.046130675614131 0.5725673412716497 -0.06803334383629252 0.5042880718749998 8.881784197001253e-17 0.618040899894934 0.1141640194504236
1 0.3265127275476623 0.6025854806373908 0.29194792184421564 0.4952302644263217 0.03195296060889889 0.5789399865632072 0.06651776631234556 0.6862952027742764
0 0.6526048453125 0.9790411578124998 0.6069916815779869 0.9196886957514254 0.5517792805462537 0.9621201670161653 0.5973924442807668 1.0214726290772398