0 0.8008465375 6.940985016796719e-17 0.25520985 3.5999239025755205e-17 0.25520985 0.25213033125000006 0.8008465375 0.2521303312500001
0 1.0437264471504706 0.6630849646185439 0.9694565830718134 0.37532045564469796 0.693165892593531 0.44662901312176145 0.7674357566721884 0.7343935220956073
1 1.0364820471583052 0.7217996104191963 0.9344795009744488 0.5864376591038575 0.6780329663161437 0.7796839830596614 0.7800355124999999 0.9150459343750003
0 0.9774925004044162 0.44644382606473265 0.9503651958736341 0.21288264902649826 0.47891618614108367 0.2676397838377211 0.5060434906718656 0.5012009608759554
2 0.582595703125 0.48102202187500015 0.3778040829733844 0.28703843221361824 0.05436017018065291 0.6285034140949597 0.25915179033226854 0.8224870037563417
0 0.2687444042304848 0.22287504523545718 0.18478814574235308 0.11146133272712169 -0.07600859072956682 0.3079857795582023 0.00794766775856488 0.41939949206653776
0 0.35531927105276856 0.329802961672477 0.2528657963814578 0.15364435583142083 -0.04058992457982043 0.32431758596463955 0.06186355009149038 0.5004761918056959
0 0.12764961784425352 0.5369346534137853 0.00032898966148208755 0.5321616108522846 -0.009117415800116907 0.7841439181422052 0.11820321238265455 0.7889169607037059
0 0.27729065558974414 0.7766144832404919 0.12474814781346563 0.6877986881671825 0.06791555364840685 0.7854095515300987 0.22045806142468533 0.874225346603408
0 1 0.2923394000000001 0.9307549828124999 0.2923394000000001 0.9307549828124999 0.45787578906250015 1 0.45787578906250015
2 0.8214007774729275 0.9050610906944614 0.7497194011414513 0.7927171688859329 0.5569045072809918 0.9157432903407384 0.628585883612468 1.028087212149267
0 0.5970755817824148 0.9007274757369729 0.5108768105716079 0.8251159283151406 0.35931687916240995 0.9978974715810418 0.4455156503732168 1.073509019002874
0 0.5858739493632628 0.8448409774991186 0.5418001103387764 0.5516463266946906 0.40970523264574626 0.5715031977509272 0.4537790716702325 0.8646978485553551
0 0.8604485011111815 0.675051173459701 0.6544368392705036 0.4260930887240414 0.4324467546482878 0.6097888553979118 0.6384584164889657 0.8587469401335716
0 0.7753827192040865 0.4248590153273987 0.717176548096911 0.29702862086584975 0.5483424001023712 0.3739054023879498 0.6065485712095466 0.5017357968494988