0 0.5465452167294043 0.6939191145193219 0.4095674271847085 0.6311049715710546 0.32402382579548317 0.8176485249494563 0.4610016153401789 0.8804626678977236
0 0.6732506270329518 0.7904823106819511 0.6579850509641058 0.6831061793572302 0.5180175921646794 0.7030052375846501 0.5332831682335254 0.8103813689093711
0 0.13523763155005022 0.872054005457213 0.09757641237766337 0.5751492012831692 0.008741762879969972 0.5864175309221655 0.04640298205235681 0.8833223350962094
0 0.3015385561452629 0.2772223597550751 0.2975431611091882 0.1196418611639466 0.17995425322466246 0.12262328426553419 0.18394964826073718 0.2802037828566627
0 0.3835802384651402 0.8138113300333666 0.23103277396490593 0.7891921827912807 0.20763727623370515 0.9341575556582444 0.3601847407339394 0.9587767029003302
0 0.34058301986930856 0.8025668616579769 0.24464776241863842 0.5789712211543004 0.07658179045102673 0.6510810899025904 0.17251704790169686 0.8746767304062667
0 0.8056511651909801 0.436021900214131 0.6047914374356054 0.36890168398220524 0.514166347334915 0.6401006155013313 0.7150260750902897 0.7072208317332571
0 0.9954352363565725 0.5420277463992693 0.8158659927829041 0.4644430810249932 0.6974484918964299 0.7385196779592976 0.8770177354700983 0.8161043433335738
0 0.31547769375000007 0.8758905562500001 0.19247994531250007 0.8758905562500001 0.1924799453125001 1 0.31547769375000007 1
0 0.839902929954504 0.09238595661154067 0.4079854274321498 0.008357164062822765 0.36011304201690914 0.2544266424068122 0.7920305445392632 0.3384554349555301
1 0.7423520953125 8.499638922326523e-17 0.6455574281249999 7.906942525597997e-17 0.6455574281249999 0.07862178281250008 0.7423520953125 0.07862178281250008
1 0.20646790625000006 0.06738954687500003 0.11056719461208742 0.04889002348363462 0.07244372709215918 0.24652039416509916 0.16834443873007182 0.26501991755646453
1 0.9585868510593374 0.39084708947386443 0.9232431058428379 0.2835226719012911 0.6630582101000156 0.3692059569570657 0.698401955316515 0.47653037452963903
2 0.24834858248645722 0.9577691016381775 0.14477950249543065 0.8634283578009964 0.08699680680170188 0.9268633106007045 0.19056588679272846 1.0212040544378858
0 0.7373181256075826 0.9713438954728095 0.7341319888465153 0.8978883215625768 0.6632323804264328 0.9009635932772673 0.6664185171875001 0.9744191671875001
1 0.2507215419806243 0.40372039827771794 0.042866994079655586 0.38921891819160387 0.023445909580193845 0.6675877960172227 0.23130045748116257 0.6820892761033369
0 0.5151072784826931 0.6466281776130349 0.4918956581609507 0.49227090247344735 0.23014542321153394 0.5316318400598258 0.2533570435332764 0.6859891151994133