0 1 0.21439876718750012 0.750215178125 0.21439876718750012 0.7502151781250002 0.7574320078125002 1 0.7574320078125002
1 0.6431859586010693 0.03404416524662823 0.3580453422601083 -0.04902979796463439 0.2780013478134066 0.2257108431298876 0.5631419641543676 0.3087848063411502
0 0.340840171875 3.8857805861880476e-17 0.11693451669121024 -0.021628675843883144 0.0923039268076726 0.2333535711158356 0.3162095819914624 0.25498224695971883
0 0.7900729279058654 0.054479818916739996 0.5493087173915472 0.03470693943005321 0.5111551661930058 0.49928316055249883 0.7519193767073239 0.5190560400391856
0 0.707833177450002 0.6352134227395936 0.521848965625 0.41811693437500014 0.1660761333560294 0.7229036690511034 0.3520603451810313 0.9400001574156971
0 0.8773012406829572 0.8285796375101174 0.7688854289716818 0.7407862426282253 0.5654064588403708 0.9920618396436737 0.6738222705516463 1.0798552345255659
0 0.8369976923568536 0.7573514923889592 0.6563099501395631 0.6506549743438462 0.48540516735040296 0.9400777212347344 0.6660929095676935 1.0467742392798474
0 0.45031145000000017 0.8709153796875 0.1980046500000001 0.8709153796875 0.19800465000000012 1 0.45031145000000017 1
0 0.2992196127280976 0.8684691798533418 0.21578157958689187 0.7129199699435174 0.11624674915556725 0.7663113724781092 0.19968478229677303 0.9218605823879337
0 0.7236914671875001 0.04456077343749994 0.6075274609178063 -0.0572460196759077 0.5552253840931114 0.0024319113774154298 0.671389390362805 0.10423870449082306
2 0.23161406505379528 0.24434543042092435 0.12374093680682023 0.16527039337409602 -0.011877947226154562 0.35027989594741815 0.0959951810208205 0.4293549329942465
0 0.1759028958934614 0.4795232614424355 0.10602276553936944 0.390057464825452 -0.06988013035409195 0.5274520643205164 0 0.6169178609374999
0 0.44984393760880853 0.45642292210842933 0.15836604783563127 0.40214358548294477 0.13391122793081506 0.5334650006619993 0.42538911770399224 0.587744337287484
0 0.5792645492851776 0.3464832643435849 0.33389573427770924 0.13353433560011452 0.14604263219238628 0.34998667150117513 0.39141144719985455 0.5629356002446455
0 0.7104270895916487 0.29003935394834157 0.5847059342993803 0.22740741851038965 0.5019837507633277 0.39345575167669555 0.6277049060555961 0.4560876871146474