0 0.5424991865334093 0.855502420581438 0.11794332733732729 0.5160925651968906 -0.07111437871765132 0.7525782050757677 0.35344148047843077 1.0919880604603152
0 0.3733827155411934 0.08856562135742567 0.10122629747803118 0.04467922239924095 0.04738341168138849 0.3785796399422783 0.31953982974455075 0.422466038900463
0 0.526134575 4.053352709468314e-17 0.07055486562499999 1.2637315452554378e-17 0.070554865625 0.16949152500000003 0.526134575 0.16949152500000003
1 1 0.7718389828125002 0.8872587984375 0.7718389828125002 0.8872587984375 0.9413305078124999 1 0.9413305078124999
1 0.49589621082434626 0.49540380684213714 0.08642662316553305 0.25540970130550944 -0.03246917399218181 0.4582655711514681 0.3770004136666314 0.6982596766880957
0 0.9292808411624307 0.6726999649422847 0.890955407556526 0.393690144717487 0.42161365306586107 0.4581600126085815 0.45993908667176575 0.7371698328333793
0 0.9131387156249999 0.8604949156249999 0.5179109734375003 0.8604949156249999 0.5179109734375003 1 0.9131387156249999 1
2 0.8501979071144655 0.7632967945037616 0.5131200332463368 0.722996434801104 0.48892812052534307 0.925340993632874 0.8260059943934719 0.9656413533355316
0 1 0.5162966109375001 0.8394989640625001 0.5162966109375001 0.8394989640625001 0.7770542375000001 1 0.7770542375000001
0 1.0169977257645069 0.5272180959547109 0.9412641624095837 0.3686999781684958 0.8379705623766973 0.4180494942458875 0.9137041257316205 0.5765676120321025
0 0.1023954453125 0.009127118750000007 1.1177496762625292e-18 0.00912711875 2.4269489798240572e-17 0.387223728125 0.10239544531250003 0.387223728125
1 0.7077034826095725 0.013064989156649016 0.4796756930763312 -0.004720881800642696 0.46931272557876813 0.1281398916272301 0.6973405151120095 0.14592576258452183
1 1.0254117530285412 0.15025472139263907 0.9794685371453437 0.01225390628787144 0.6533722033486765 0.12081786115267072 0.699315419231874 0.2588186762574384
0 0.7563404558294765 0.23670464184767823 0.6393975696464962 0.17264198234016398 0.4967596834516693 0.433019653496729 0.6137025696346496 0.4970823130042432
0 0.6172471346154362 0.4552175056036719 0.6061703391279667 0.13051701515432662 0.3197354945046923 0.14028842076565287 0.3308122899921618 0.4649889112149982
0 0.4202598550029763 0.4437530549481288 0.23967824192867448 0.3886244159028958 0.19931394655930113 0.5208433441160223 0.379895559633603 0.5759719831612552