1 0.33756780281976945 0.47061176230396506 0.2819013164965855 0.4135389832459634 0.17889177949076637 0.5140103301391019 0.2345582658139503 0.5710831091971038
0 0.3333164128027814 0.4077951820594663 0.25143562444001816 0.2557238280469547 -0.06829561157738095 0.4278788393527095 0.013585176785382291 0.579950193365221
0 0.530690887251073 0.6041464595788202 0.525329965796731 0.4221564218982345 0.20872765885388547 0.43148264723131025 0.21408858030822747 0.6134726849118959
0 0.32389592091140973 0.292475989727324 0.2670528881576114 0.08618077396765914 -0.03346038442398666 0.16898485516461542 0.023382648329811684 0.37528007092428034
0 0.12562341802627774 0.33874236527915147 3.3306690738754695e-17 0.291190759375 -0.03195356359466829 0.3756067491309173 0.09366985443160943 0.4231583550350688
0 0.32345444231903475 0.7336506097480491 0.25238154998465695 0.629433335155128 0.0894843309007363 0.7405240977829528 0.1605572232351141 0.8447413723758739
0 1 0.3007527750000001 0.6636591187499999 0.3007527750000001 0.66365911875 0.7382024515625001 1 0.7382024515625002
0 0.7395525683733625 0.024873230857414996 0.5790593701455007 -0.02826735417732016 0.5212907705119353 0.14620319984980473 0.6817839687397971 0.19934378488453988
1 0.8465473064497557 0.12639130276914362 0.7170757530603395 0.06848155359799195 0.6681866661114441 0.17778518764337922 0.7976582195008602 0.2356949368145309
0 0.8584407296875 9.397818344461439e-17 0.676148059375 8.281597668430304e-17 0.676148059375 0.1205047671875001 0.8584407296875 0.1205047671875001
0 0.6231985125 0.1866408078125001 0.5621547688607406 0.10363306466007952 0.44000690948574056 0.19346037872257954 0.5010506531250001 0.27646812187500014
0 0.5770987031249999 6.661338147750939e-17 0.495620900519213 -0.014900956755225448 0.47666872951129047 0.0887287143927771 0.5581465321170774 0.10362967114800263
0 0.5505940010543361 0.10349624683781529 0.4845650969798722 -0.017663559681348494 0.4374179015450389 0.008030420312373355 0.5034468056195027 0.12919022683153714
0 0.9963882313102349 0.20864386886099115 0.6009319924554267 0.04204942598866486 0.3977826697004209 0.5242783990412899 0.7932389085552292 0.6908728419136162
0 0.8209506255998212 0.6470778750435909 0.5115528492631981 0.4925648084061243 0.4569610326145662 0.6018797488499229 0.7663588089511892 0.7563928154873896
0 0.926789574603279 0.6606670852717539 0.5086548422382929 0.6034022784283919 0.47027877212986924 0.8836157059860492 0.8884135044948553 0.9408805128294112
0 0.6624798296875 0.9338233296875 0.47124059575073696 0.8029815413910448 0.35731767857146746 0.9694920400082134 0.5485569125082304 1.1003338283046689
0 0.3866118406250001 0.9421083046875 0.19846313125000012 0.9421083046875 0.19846313125000012 1 0.3866118406250001 1
0 0.6656688688174777 0.9135804119770624 0.5857809077390064 0.8728985454942222 0.566350686568357 0.9110541388046146 0.6462386476468283 0.9517360052874547
1 0.41774339667776844 0.4263969112531349 0.38428149905209735 0.38360088092825667 0.30361991428236074 0.446669573781301 0.33708181190803177 0.48946560410617923
1 0.40812140914635364 0.20315594354891647 0.31480981080010917 0.2010780624825884 0.3138238699097736 0.24535380176477278 0.40713546825601804 0.24743168283110087
1 0.3393996060933178 0.4088616617333968 0.28533813790249185 0.40625036972618345 0.2799385663045516 0.5180374725778663 0.3340000344953775 0.5206487645850796
0 0.41407742684714693 0.39729851520593906 0.3880735803309241 0.30347272974406114 0.22377317768632823 0.3490086390028183 0.24977702420255116 0.44283442446469634
0 0.5267667499774118 0.6847839743599662 0.4597583773741157 0.6577843293425853 0.41642298731996313 0.7653351494288685 0.4834313599232593 0.7923347944462493
0 0.5090072208781676 0.691449300464472 0.5035824413940814 0.5969824897230815 0.336339538256046 0.606586453937412 0.34176431774013216 0.7010532646788022
0 0.5292980722829649 0.8051004224389748 0.42825422670657476 0.6680453500947555 0.28129384601387714 0.7763918837806119 0.38233769159026726 0.9134469561248313
0 0.40612696398859277 0.6892284025512264 0.3396856189168279 0.6380838383605149 0.2865641758312898 0.7070933252259313 0.35300552090305465 0.7582378894166428
2 0.3498336936300366 0.642774573906283 0.32065242864961124 0.5886639166562466 0.28434399491930357 0.608244643994531 0.3135252598997289 0.6623553012445674
0 0.34595546732501303 0.19558459066864176 0.3021285684564782 0.17626420259526868 0.2780532218570221 0.23087737996169366 0.32188012072555694 0.25019776803506677
0 0.5036171671874999 0.4015178265624999 0.49728852711001437 0.2317756072774216 0.31547709335546664 0.23855423389754202 0.3218057334329522 0.4082964531826203