2 0.5001704874931289 0.22538110017240784 0.4308793385189739 0.18618731559141694 0.35994637192296175 0.3115905347020009 0.42923752089711664 0.3507843192829918
1 0.45192267135748326 0.006970216290458453 0.28384071553431045 -0.0327615898137947 0.1997141417328916 0.3231285759678037 0.36779609755606446 0.3628603820720569
0 0.6122419169000606 0.49547590137669195 0.5225018808676628 0.19611544887301866 0.34941518654483583 0.2480020827130999 0.43915522257723366 0.547362535216773
0 0.36418313782022643 0.25976315446396947 0.11230917067659404 0.016051747254641924 -0.03458568707800443 0.1678665145620716 0.21728828006562795 0.4115779217713992
0 0.3190454004656842 0.11529181200753984 0.19063041417241328 -0.024667415844435613 0.12025445834595694 0.03990372777739366 0.24866944463922785 0.1798629556293691
1 0.7437198858282366 0.08289782268044295 0.6246587119363443 0.041220095034385465 0.5595141760950375 0.22731913036992007 0.6785753499869298 0.2689968580159775
0 0.9154483953125 0.6953771109375001 0.3850026171875001 0.6953771109375 0.3850026171875001 1 0.9154483953125 1
0 0.2566375507278333 0.7534053855345221 0.1637689917456849 0.6121346550781954 0.00933850230553306 0.7136541769981907 0.10220706128768145 0.8549249074545173
1 0.32036474497126577 0.8585552004867576 0.2332860727362514 0.7464099920014309 0.13861533745600146 0.8199200602340413 0.22569400969101588 0.9320652687193682
0 0.2370828460825125 0.8368136998499413 0.002241565254466016 0.7796844213256466 -0.02831196847368602 0.9052808086752755 0.20652931235436048 0.9624100871995701
0 0.2843567140625 0.5588691609375 0.18837810757687956 0.521389417282152 0.1332257778893796 0.6626242079071519 0.22920438437500007 0.7001039515625
0 0.1313796859375 0.6570544843749999 0.07108175483837646 0.5767263935625497 -0.053289350913214226 0.6700850217769388 0.007008580185909307 0.7504131125893891
0 0.1414577417799377 0.5954408884437712 0.003324285395540194 0.5685904603147144 -0.007594174921169694 0.6247610604516589 0.13053928146322782 0.6516114885807158
0 0.7602648211900132 0.7338455073199369 0.49699533807987645 0.3949819288931146 0.08377683481165166 0.716019150632962 0.3470463179217883 1.0548827290597842
0 0.8183258571012064 0.6812408386547524 0.5799773775721222 0.43642011670373193 0.4870212782834156 0.5269187671114798 0.7253697578124999 0.7717394890625002
0 1.0030426580803335 0.7942615491062318 0.8962911633840125 0.3959957270465452 0.6004714355139977 0.47528748737753934 0.707222930210319 0.873553309437226
0 1 0.2745202250000001 0.8138350781250001 0.2745202250000001 0.8138350781250001 0.5446617250000002 1 0.5446617250000002
0 1 0.07239317500000012 0.8644414828125001 0.07239317500000012 0.8644414828125001 0.26441874843750013 1 0.26441874843750013
0 0.9743472270676795 0.5227403912446521 0.9128225897840915 0.4577056668692535 0.8811438533414119 0.4876746224996017 0.9426684906249999 0.5527093468750003
0 0.4476582260820311 0.34535961695247236 0.39765986068875697 0.3241143326081812 0.3576169322883519 0.41835081978036354 0.407615297681626 0.4395961041246547
1 0.23430904308446882 0.4728633017435275 0.19709776285472785 0.3864803019097812 0.15804541100067135 0.4033029176011622 0.19525669123041228 0.48968591743490847
0 0.4769812223619854 0.3343120517531929 0.4604667710087888 0.2827685370293348 0.3538862328199089 0.3169167537845857 0.37040068417310545 0.36846026850844377
0 0.3800198198077615 0.2730987026609103 0.28266078034086106 0.27226481832680777 0.28120054705831626 0.442752383534713 0.3785595865252167 0.44358626786881555
0 0.7780854479086978 0.4083341102550248 0.7346627506273515 0.3505970153913233 0.6419926611134392 0.4202919879821196 0.6854153583947855 0.47802908284582113
0 0.6872570641962559 0.45914958206609296 0.6532481308087305 0.2951196536625027 0.5605961644635538 0.3143295294597014 0.5946050978510791 0.47835945786329165
0 0.868905845641966 0.27933899099035864 0.7103687401896084 0.2172105946882906 0.6437501713295718 0.3872055680833665 0.8022872767819292 0.4493339643854345
0 0.7008710724149461 0.2808344283897632 0.6274728414518205 0.2426433166695871 0.5861736872555491 0.3220147913857384 0.6595719182186748 0.3602059031059145
2 0.6073158152113107 0.27393741909986336 0.5477905029663496 0.2652743540043229 0.5416736547871401 0.3073042006933316 0.6011989670321013 0.31596726578887196
0 0.21260875475318555 0.3926029828305768 0.18260345557941654 0.355269934439615 0.13608233731059885 0.39265986458772756 0.16608763648436786 0.42999291297868936
0 0.4058097171875 0.5289829765625 0.36530110673917493 0.351612181028065 0.1997047406489497 0.3894317029250891 0.24021335109727476 0.5668024984595242