1 0.44470696451304603 0.2288730674593049 0.3668135563317326 0.20669483031149158 0.32801294395811337 0.3429685980217097 0.40590635213942666 0.36514683516952307
1 0.3595939041129493 0.0037261146353625525 0.18701890159951776 -0.0032041569389254882 0.17148258017127127 0.3836754452222015 0.34405758268470277 0.39060571679648953
0 0.609316478326011 0.4741422524285981 0.4641045504999758 0.19740510326079566 0.30409838306585935 0.2813649333993752 0.44931031089189466 0.5581020825671776
0 0.3175562167264229 0.31408064977191186 0.032151652085643315 0.09651521821256824 -0.09384300727243508 0.26179630465826736 0.19156155736834454 0.47936173621761097
0 0.2489642638337521 0.15688775355768345 0.09620314539630219 0.044002700921309604 0.039440948303330677 0.12081585297626385 0.19220206674078058 0.2337009056126377
0 0.6610495729197041 0.04378618234651814 0.536223401555832 0.025592136379487894 0.5077851268995034 0.22070217138635054 0.6326112982633755 0.2388962173533808
0 1 0.7047187218750002 0.42900447500000005 0.7047187218750001 0.42900447500000016 1 1 1
0 0.3094608306976184 0.7951853590140988 0.1913428023679143 0.6742303273530317 0.059120474973932066 0.8033513767088382 0.1772385033036362 0.9243064083699053
1 0.39208070812759976 0.8862435559596126 0.28520360252024457 0.79277416251515 0.20629861520698692 0.8829976715297541 0.3131757208143421 0.9764670649742169
0 0.3021789703125001 0.87290685 1.1239908982800767e-16 0.87290685 1.201813007950604e-16 1 0.3021789703125001 1
0 0.29955145468750005 0.5989342468750001 0.19818477325130937 0.5804566929577761 0.1709946154388093 0.7296201632702761 0.27236129687500005 0.7480977171875
0 0.1681196875000001 0.7245050234375001 0.09360227725637853 0.6571581736499306 -0.017014998799253656 0.7795531032698 0.05750241144436789 0.8468999530573693
0 0.1666596190675252 0.7190408909779824 0.16412655140255894 0.6577905899751256 0.008412922106160464 0.6642302833791931 0.010945989771126702 0.7254805843820499
0 0.8001028497853715 0.6798882380328581 0.47701214984695905 0.3974847226211273 0.13264242311158897 0.7914693934079443 0.4557331230500015 1.073872908819675
0 0.8470596965856665 0.6171714981106451 0.5663763553298762 0.4223278539159382 0.4923960774942098 0.5289006479927932 0.77307941875 0.7237442921875001
0 1.056862482254463 0.6804972678722068 0.8567819634683618 0.3153411157577911 0.5948089541208132 0.45888435147955986 0.7948894729069144 0.8240405035939755
0 1.066478155054351 0.2622859811226382 0.8650228320019326 0.1526636418703951 0.7596889722600819 0.34623793418525717 0.9611442953125 0.4558602734375003
0 1 1.1283935331824262e-16 0.787829978125 9.984768641003048e-17 0.787829978125 0.19102009062500008 1 0.1910200906250001
0 0.9699712034160415 0.4318128681845229 0.8971677362887146 0.37971246959865396 0.8717893734976728 0.41517539985163127 0.9445928406249997 0.46727579843750017
0 0.4191131152663953 0.35818807788177953 0.3659795680596849 0.34687326781815664 0.3446535123999417 0.44701891575730324 0.39778705960665206 0.45833372582092624
1 0.23401260914234254 0.524058103065508 0.18100234996295872 0.44636245014905584 0.14587740597217974 0.4703275281774852 0.19888766515156356 0.5480231810939372
0 0.44578939134113166 0.34174839591748735 0.41974339019974416 0.29430298597585436 0.321636824430983 0.3481603291231526 0.34768282557237057 0.3956057390647856
0 0.37002654042226035 0.46779466986527724 0.3389293869075457 0.30016081722112004 0.24319999438391368 0.3179192327691834 0.27429714789862836 0.4855530854133406
0 0.7554855590768439 0.35695706495165147 0.701843901224527 0.30856620488048925 0.6241748500557349 0.39466297320375526 0.6778165079080518 0.44305383327491743
0 0.6760219973113009 0.4241697860916672 0.6113395170652545 0.26964276072998744 0.5240552455485668 0.3061785262697333 0.5887377257946131 0.4607055516314131
0 0.8200239015433504 0.21300260157844636 0.6525449119680637 0.18226598374488184 0.6195868829377833 0.3618490930600757 0.7870658725130698 0.3925857108936402
0 0.6553617422842071 0.24653310998078873 0.5760248349601278 0.22304871977359633 0.5506292548327272 0.3088421667923636 0.6299661621568065 0.33232655699955593
2 0.563347875 0.25951324218750005 0.50265771875 0.25951324218750005 0.50265771875 0.3013698625000001 0.563347875 0.3013698625000001
0 0.19739662527154048 0.44941300342943824 0.16081912648123964 0.4184911483656208 0.1222870659377566 0.46407076818494525 0.15886456472805743 0.4949926232487627
0 0.4130704703124999 0.5464228312499999 0.339462173449007 0.3800402435144385 0.18412458428981449 0.44876219051926497 0.25773288115330745 0.6151447782548265