0 1.0424969954274197 0.5190332054931088 0.8450977363808072 0.21110267580201475 0.44179910620082763 0.4696377773780255 0.6391983652474403 0.7775683070691196
0 0.85510453451795 0.7532152255978384 0.5215029323456857 0.710663937281037 0.48459776718750014 1.0000000000000002 0.8181993693597643 1.0425512883168015
0 0.7450972375 6.914580081863497e-17 0.37357171718750004 4.6396423856022064e-17 0.37357171718750004 0.52597714375 0.7450972375 0.5259771437500002
0 0.12667427656250005 0.2012725015625 2.866400165664144e-17 0.2012725015625 4.7242856095550497e-17 0.5046882203124999 0.12667427656250005 0.5046882203124999
1 0.6450705133335386 0.7073839158463964 0.47451186053890043 0.3352301914120767 0.1644276028565354 0.47734230737576794 0.33498625565117357 0.8494960318100875
0 0.5189924734375002 0.748278278125 0.2124841500000001 0.748278278125 0.2124841500000001 1 0.5189924734375002 1
0 0.3824423481021565 0.824349024393654 0.14673040552118163 0.41824446106998436 -0.048921493708128636 0.5318050890510144 0.18679044887284618 0.937909652374684
1 0.17484401233709276 0.8176350510751828 0.01963567665371868 0.60952212479404 -0.0277089583382633 0.6448312338049597 0.1274993773451108 0.8529441600861025
0 0.4345174851523166 0.017995616344973608 0.156082973373256 -0.0504448390740672 0.06671931883253983 0.31311097554598805 0.34515383061160043 0.38155143096502886
0 0.9368917781749759 0.24280543330748766 0.7259969186626956 -0.008529273298120855 0.6065300824493292 0.09171530485769326 0.8174249419616096 0.3430500114633018
1 1 0.24652723125000006 0.8710336125 0.24652723125000006 0.8710336125 0.6437320312500001 1 0.6437320312500001
0 1.0187016638655417 0.7174612704920896 0.921893894919749 0.6020902636440324 0.7527612313703519 0.7440094187367858 0.8495690003161445 0.8593804255848431