1 1.019601257153289 0.6459426671829559 0.8656975424661993 0.5570705921591703 0.8019665896446234 0.6674363102676211 0.9558703043317133 0.7563083852914065
0 1.0095217379919714 0.09396539096109373 0.9231262514662568 0.08398605736292812 0.9037427351240398 0.25179769613536196 0.9901382216497545 0.26177702973352757
0 0.5544252143615231 0.7238453111854214 0.5003935025127138 0.25598873193774807 0.33438489531645865 0.2751606953690924 0.38841660716526805 0.7430172746167657
0 0.9330986882676416 0.30785833037836363 0.9302455489835898 0.07306576349827769 0.8388383010034153 0.07417652102150242 0.8416914402874671 0.3089690879015884
0 0.7757084013092514 0.24224093286074527 0.6894393548953509 0.07790153577580092 0.6229938546176627 0.11278172913861254 0.7092629010315632 0.2771211262235569
0 0.7166990318793259 0.10799538935515622 0.4816491685578762 0.04538971975068849 0.32342748355355033 0.6394251428955322 0.5584773468750001 0.7020308125
0 1.0348108439053918 0.3166707094189384 0.6223319771779642 0.21462664883817312 0.5431545966592306 0.5346746359619778 0.9556334633866582 0.6367186965427433
0 0.9102592910888843 0.9689729677697241 0.8737349683168528 0.48397412941100254 0.5492134613125743 0.5084132153032527 0.5857377840846059 0.9934120536619743
1 0.31688091234490223 0.6452993482388596 0.21641812718579434 0.6096002013814016 0.11110757279641117 0.9059599895536754 0.21157035795551904 0.9416591364111333
1 0.27417214951439195 0.4537415721842632 0.20348708987624314 0.43655576387087924 0.13609862124806343 0.713723868916995 0.20678368088621224 0.730909677230379
1 0.946700646875 1.139564561322388e-16 0.8718899671875 1.0937562316117207e-16 0.8718899671875 0.05952380937500011 0.946700646875 0.05952380937500011