1 0.8466695628246066 0.34686022783212145 0.5791406901350793 0.30934315883045654 0.5210315735755688 0.7237109881899496 0.7885604462650961 0.7612280571916145
0 0.9915673296874999 0.8333323171875 0.6890684328125002 0.8333323171875 0.6890684328125002 1 0.9915673296874999 1
0 0.8674415015625 8.873066194094282e-17 0.54195585 6.880041387322249e-17 0.54195585 0.28709451250000007 0.8674415015625 0.28709451250000007
0 0.3653267109375 2.4868169962743028e-17 0.040801325 4.996721206222088e-18 0.040801325000000006 0.10543597500000002 0.3653267109375 0.10543597500000004
0 0.6571126051153595 0.2971936334168349 0.40039442940513076 0.05829557020852265 0.11332644015936806 0.3667768090861913 0.3700446158695968 0.6056748722945036
0 1.0106062096269002 0.4418475691286311 0.9964679906249998 0.11131685312499998 0.7254293960192089 0.1229103384592399 0.739567615021109 0.45344105446287103
0 1.009793933795954 0.39863046291476356 0.8149046468887148 0.37838010280832696 0.76662736372067 0.843000249856898 0.9615166506279094 0.8632506099633346
0 1 0.5043201218750002 0.953973509375 0.5043201218750002 0.953973509375 0.82317073125 1 0.82317073125
0 0.7028565125000001 0.7533018296875 0.4012759375000002 0.7533018296875 0.4012759375000002 1 0.7028565125000001 1
0 0.6639455275147261 0.552659301628736 0.3895511505358916 0.3871601249438425 0.05711662713511782 0.9383300205408964 0.3315110041139524 1.1038291972257899
0 0.16488079531250016 0.7952225609375001 0.07127956236997035 0.7909618079759287 0.06180248716074753 0.9991564468749645 0.15540372010327735 1.003417199836536
0 0.5905871968749999 5.843011558937775e-17 0.3542891828125 4.39610352610519e-17 0.3542891828125 0.20452134218750007 0.5905871968749999 0.20452134218750012
0 0.4496851118669771 0.39909488313712915 0.3900106055364613 0.10868141285267545 -0.05544049159498613 0.20021323570396823 0.004234014735529734 0.4906267059884219
0 0.2992626937500001 0.46112804843750005 6.137235286915887e-17 0.46112804843750005 9.124178699937117e-17 0.9489329265625001 0.2992626937500001 0.9489329265625001
0 0.12379273325484239 0.07810303141822797 0.07014456896260605 0.06645385138082385 0.04779480834126499 0.16938157898533676 0.1014429726335013 0.18103075902274088