1 0.8537662585472509 0.33514110692514815 0.4950437035868177 0.11974497269242328 0.3559772000139309 0.35134751119100427 0.7146997549743641 0.5667436454237291
0 1 0.2496919750000001 0.9350706671875001 0.2496919750000001 0.9350706671875001 0.4934228578125002 1 0.4934228578125002
0 0.4456066965184844 0.07534806543065359 0.1784299089921692 -0.03324327006939369 0.05591196813991347 0.26819836613951487 0.32308875566622863 0.37678970163956216
1 0.06691510156250005 0.442473171875 5.418733536452954e-17 0.442473171875 6.643807909549167e-17 0.6425430000000001 0.06691510156250008 0.6425430000000001
0 0.5464966195955385 0.6609150229446221 0.37470454082995197 0.2761343243724351 0.05448993174190022 0.4190997422077736 0.22628201050748684 0.8038804407799605
0 0.6072840937499999 5.787364459896746e-17 0.332876421875 4.107102074780766e-17 0.332876421875 0.21740717656250003 0.6072840937499999 0.21740717656250008
0 1.0146745622098325 0.21717416886773275 0.6059829237865185 -0.00884135932813268 0.5111769822415686 0.16259108998876914 0.9198686206648828 0.38860661818463454
1 0.9928457909197025 0.16602043680572426 0.699342257996623 0.041435579624097406 0.6813582751898598 0.08380318841075611 0.9748618081129393 0.208388045592383
0 1.0395147802493707 0.5086351583691632 0.8124279162705864 0.412242505105371 0.6945909993175288 0.6898488892617227 0.9216778632963131 0.7862415425255148
0 0.9870580529285549 0.886974795538069 0.6125317583603515 0.36966297552741745 0.35297454151298535 0.5575786559622433 0.7275008360811888 1.0748904759728948
0 0.7923983453125001 1 0.6408122953124998 0.9238314984375 0.6169496704442399 0.9713214840904694 0.76853572044424 1.0474899856529696
0 0.24609155293076818 0.2603790711353927 0.04224525631595226 0.21371814962475305 -0.012541068048374326 0.4530616723252104 0.19130522856644155 0.49972259383585005
0 0.3962464356013386 0.5145480293665199 0.10435570796266021 0.447709395902854 0.00399030202729671 0.8860147568906731 0.2958810296659751 0.9528533903543389
0 0.6900898879200353 0.9862465389549939 0.45371463092150977 0.6834987154307901 0.23115963746009424 0.8572621240768694 0.46753489445861973 1.160009947601073
0 0.03539647187500009 0.7072551296875 8.66137730752343e-17 0.7072551296875 9.07926718003422e-17 0.775501725 0.0353964718750001 0.775501725