2 0.5599893734064805 0.19979297493471418 0.4176259645825458 0.18164861807685995 0.3884743157717609 0.4103769290362565 0.5308377245956956 0.4285212858941107
2 0.7435880665638213 0.24734288524380138 0.5419214009678088 0.22289844144996654 0.520223731027086 0.4019042222749736 0.7218903966230984 0.42634866606880834
0 0.93966192606281 0.40540185788981853 0.8934446379320624 0.2875930865220776 0.607712378253306 0.3996880521218862 0.6539296663840536 0.5174968234896272
0 1.0037823506824357 0.44144020893828523 0.7167602944469247 0.3774420465123438 0.6872067339996262 0.5099852847417236 0.9742287902351372 0.573983447167665
2 1.0421385280370803 0.5607910143349428 0.7158049320457855 0.39296230467834603 0.6260857573693374 0.5674162521670951 0.9524193533606322 0.7352449618236918
2 0.9573591977953019 0.6840203365124211 0.6764477362687328 0.5180271932998894 0.5712849517408977 0.6959949751503363 0.8521964132674666 0.8619881183628679
2 0.7368929586185047 0.793860643810989 0.630011460659867 0.49815516185016434 0.4100823575553262 0.5776476076061315 0.5169638555139638 0.8733530895669561
2 0.49541310646329534 0.4621581201806585 0.2062962975092149 0.4260185177908654 0.15173789088353673 0.8624857554517382 0.44085469983761716 0.8986253578415312
2 0.4109602621127005 0.6193058325229721 0.3211496519582381 0.392756546311082 -0.05154285576259883 0.540502505162169 0.038267754391863605 0.7670517913740592
2 0.5001805837797844 0.4066196182980949 0.34806306668848536 0.19513916999833816 0.2286707403304002 0.2810178618176559 0.3807882574216992 0.49249831011741263
2 0.3647351712605286 0.43080393407366524 0.3576511947477586 0.2587644719493518 0.06320217791147865 0.27088884093842264 0.07028615442424874 0.4429283030627361
0 0.3530918463937822 0.4820479563705239 0.33876449004143994 0.37172731374695045 0.018812161544197986 0.41327956468681337 0.033139517896540266 0.5236002073103868