1 0.19254113174651266 0.5746820238164244 0.047245309778074014 0.16744484292421305 -0.08484983535346634 0.21457431339122174 0.060445986614972316 0.6218114942834332
0 0.6398875525901688 0.22454107369092577 0.4297367833214524 0.12332360024268281 0.30628771666878346 0.37963227342675715 0.5164384859375 0.48084974687500015
0 0.895643082685479 0.8707301654635758 0.8003780025219214 0.7862085869908444 0.6584374407004663 0.946191152919187 0.7537025208640239 1.0307127313919184
0 0.9956993657749379 0.9301162957627094 0.946647765302233 0.8433415673634601 0.8430655733929333 0.9018940098470019 0.8921171738656382 0.9886687382462511
0 1 0.8049242421875 0.9456288125000001 0.8049242421875 0.9456288125000001 0.9290820703125 1 0.9290820703125
0 0.904459515625 0.9069861109374999 0.7844553109375002 0.9069861109374999 0.7844553109375002 1 0.904459515625 1
0 1 0.5197815656250002 0.6486845421875 0.5197815656250001 0.6486845421875002 1 1 1
0 1 0.9227689390625 0.900079915625 0.9227689390625 0.900079915625 1 1 1
2 1.0060541944268686 0.5226614707487 0.989399509209526 0.48832929051118307 0.9086575547158932 0.5274975526670188 0.9253122399332359 0.5618297329045356
1 0.7962513947119256 0.23548353436993893 0.7801566132262562 0.13501490285845721 0.6858209342713782 0.15012720324753442 0.7019157157570477 0.25059583475901615
1 0.6828634488824138 0.834616124564814 0.6458515124124924 0.7820536391254327 0.5341235437357043 0.8607270207969998 0.5711354802056255 0.9132895062363812
1 0.5987991023717901 0.6873057752103647 0.5316106204815501 0.6805260558686629 0.5156599119453943 0.838601019979048 0.5828483938356344 0.8453807393207498
0 0.6330060558718548 0.879209539094987 0.43876583637889494 0.3959097303697173 0.16600637351870864 0.5055329021116728 0.3602465930116684 0.9888327108369424
0 0.32426746816899427 0.3664217499190624 0.2528738879775857 0.3306028826495614 0.191483465052412 0.4529652691850172 0.2628770452438206 0.48878413645451824
0 0.26366712108200774 0.46830481902607923 0.1522104802882168 0.2772895059125048 0.06398920608120909 0.3287662525114256 0.17544584687500003 0.5197815656250001
2 0.15665727118783992 0.2712847274311706 0.11892795397206202 0.21989055494864065 0.0647660102565668 0.25965173908210754 0.10249532747234472 0.31104591156463746
0 0.38381315559932105 0.1667010043631509 0.227327188922249 0.14643669335105847 0.19579907804782218 0.38990447790798066 0.3522850447248942 0.4101687889200731
0 1 0.3135517671875001 0.9052681390625 0.3135517671875001 0.9052681390625 0.5492424250000002 1 0.5492424250000002
0 0.8575807438137287 0.5384027949360929 0.8518064308069333 0.41822570758837985 0.6719976430767959 0.4268652265236508 0.6777719560835915 0.5470423138713638
0 0.830765322919466 0.33041715442934433 0.6909353504306989 0.3133358999639505 0.6771205088808048 0.4264264764067985 0.8169504813695718 0.4435077308721923
0 0.7644448364540614 0.25627882832989396 0.6098751247243133 0.20529057689102387 0.4740916957577763 0.6169149193769963 0.6286614074875244 0.6679031708158665
1 0.20481680560019253 0.0014007341793699918 0.10431296783915642 -0.005742715455831139 0.08810920130146395 0.2222340753647989 0.18861303906250004 0.22937752500000003
0 0.923821105069807 0.4360894586183699 0.8431388015625 0.32302146406249993 0.795473642646359 0.35703404944090095 0.876155946153666 0.4701020439967709
0 0.722187832246837 0.08451233768860889 0.6401621728669042 0.05023850985335716 0.6041475027273382 0.13643043098188296 0.686173162107271 0.17070425881713466
0 0.8271396972048859 0.06720075277164297 0.8238933751284693 0.0077386132445180274 0.7227867508215295 0.013258506561001604 0.7260330728979463 0.07272064608812655
0 0.8376976036775563 0.10879025703159236 0.7514236287524458 0.056973403826017455 0.7038198183102915 0.1362327508213359 0.7900937932354019 0.1880496040269108
1 0.6818777489831592 0.06226455408919551 0.5860883926342325 0.02290238662069064 0.5638065379485521 0.07712614145607743 0.6595958942974788 0.11648830892458231
0 0.37582471531649175 0.08761288733458797 0.3081410263728862 0.07435556567840967 0.2900384615094797 0.16677607119773136 0.35772215045308525 0.18003339285390968
0 0.32352996875000006 0.6376262625 8.040610293566439e-17 0.6376262625 1.025950948218863e-16 1 0.32352996875000006 1
0 0.43302313281250016 0.8596376265625001 0.022206098437500106 0.8596376265625001 0.022206098437500116 1 0.43302313281250016 1
0 0.1693958998128607 0.6601302632691957 0.0835308058355277 0.6214540053429806 0.06604708293182218 0.6602695886153936 0.1519121769091552 0.6989458465416087
0 0.3229030770884782 0.7462998155668785 0.1630130637783625 0.6231863574227013 0.11276486094933232 0.6884447454190343 0.272654874259448 0.8115582035632116
0 0.9685488899933935 0.13355664426821914 0.7695087565069818 0.12241746607908754 0.7579524243880547 0.32891150437437533 0.9569925578744662 0.3400506825635069