2 0.5551670710067854 0.3690530970668486 0.4219128348041803 0.18089148358721413 0.30473222021919955 0.2638776623593446 0.4379864564218046 0.4520392758389791
2 0.4322146289858025 0.42631668385111887 0.33566139296887326 0.27416554755887346 0.16396295892803853 0.38312325783084594 0.2605161949449677 0.5352743941230913
0 0.3723024314590667 0.5877143801583962 0.3578020078247464 0.46199770746504737 0.052889998782392 0.49716689550974297 0.06739042241671228 0.6228835682030918
0 0.29855832053655706 0.5336658155210509 0.18485668573866534 0.4578783909755038 0.021785472995695398 0.7025293154333916 0.13548710779358716 0.7783167399789386
2 0.4148380415771101 0.6149710444693408 0.2529644717752314 0.5070495692631549 0.04881047131420661 0.8132642200620186 0.2106840411160853 0.9211856952682046
2 0.5260102026462927 0.7037209122888155 0.34826523960067035 0.5980732482089219 0.18137909519939271 0.8788477625133689 0.35912405824501514 0.9844954265932625
2 0.6447486709027255 0.8479865744242343 0.6336321242802192 0.5385847062141713 0.39331605882798765 0.5472190585572647 0.4044326054504939 0.8566209267673276
2 0.9765122323432974 0.6580035144080412 0.7276019144316923 0.29694407546109447 0.4871577629039125 0.4627035702725843 0.7360680808155177 0.823763009219531
2 1 0.2961456562500001 0.6182825875 0.2961456562500001 0.6182825875 0.5392256171875001 1 0.5392256171875002
2 0.6265514140625001 0.1778831578125001 0.4832293976176799 0.16579399141330603 0.4617393481604628 0.4205673248263194 0.605061364605283 0.4326564912255135
2 0.8526212677482976 0.2478702516852811 0.7781084124649102 0.09264269669723135 0.5124333150105631 0.22017295439239123 0.5869461702939504 0.375400509380441
0 0.9232929648607271 0.3016600252575298 0.8841508643008507 0.19752639232204383 0.5821421268589546 0.31104645339813863 0.6212842274188309 0.4151800863336246