0 0.9261727890124618 0.675849925935717 0.7662027772435507 0.6212156272255811 0.6745676999842485 0.8895244503220165 0.8345377117531598 0.9441587490321524
0 1.0023429037841003 0.4316800436523286 0.8166053262315014 0.40082647091002627 0.7877133204634731 0.5747554744264225 0.9734508980160721 0.6056090471687248
0 0.7659801282908666 0.3980718442588029 0.7500946058230362 0.19546163312095818 0.6172344011207939 0.20587845147885492 0.6331199235886242 0.4084886626166996
0 0.8772782106562917 0.04878689045226636 0.6414747862590396 0.023565200440561318 0.6258840834689706 0.1693262935692113 0.8616875078662227 0.19454798358091635
0 0.6183855780678439 0.43950181884500183 0.45527243345647006 0.4227290815192202 0.43238872359185515 0.6452708052636298 0.5955018682032289 0.6620435425894116
0 0.742915571796178 0.4740506617421366 0.6271972891701258 0.44082373991804086 0.5597911804715198 0.6755767266196601 0.6755094630975719 0.7088036484437559
0 0.16688942343750007 0.7216634609375 8.893187810732991e-17 0.7216634609375 1.0256137273713883e-16 0.94425 0.1668894234375001 0.94425
0 0.6539218617462261 0.3207131233963444 0.5003377079663528 0.13856738870098625 0.35191417465520414 0.2637171914275638 0.5054983284350774 0.445862926122922
0 0.10630528906250006 0.403509615625 4.9574791695407375e-17 0.403509615625 6.353090785464455e-17 0.6314302890625 0.10630528906250007 0.6314302890625
1 0.15057932656250003 0.195021634375 2.3883262030182918e-17 0.195021634375 3.463513107560499e-17 0.37061298125 0.15057932656250003 0.37061298125
0 0.4974176438278327 0.5989503757454613 0.3119374954047579 0.5835556410480062 0.29112066861519686 0.834362699338105 0.4766008170382716 0.8497574340355601
0 0.4732523907750273 0.11626504605686158 0.3552389904950536 0.026012343448787112 0.22212954428059092 0.20006473083677018 0.34014294456056465 0.2903174334448447
0 0.2223372725268129 0.07740238901118757 0.10278435627122744 -0.03511130891368745 0.039305115259079225 0.0323393973084182 0.15885803151466468 0.1448530952332932
0 0.10048076875 0.061403846875000015 7.590307952546551e-18 0.061403846875 1.6011079420089367e-17 0.19892548125 0.10048076875000003 0.19892548125
0 0.35259580335407803 0.6209980827935921 0.18528551272250302 0.5510512023105585 0.09846730891050895 0.7587170597667658 0.2657775995420839 0.8286639402497995
0 0.6304262562201743 0.4840261167925733 0.5565428909763206 0.3578896882577749 0.29646597440640843 0.5102275817722484 0.3703493396502621 0.6363640103070467
0 0.294929990158414 0.13196927561773544 0.2832082139393858 -0.005080384514468711 0.193390761675414 0.0026016489541727333 0.20511253789444223 0.13965130908637688
0 0.28664554213200055 0.2764557026934223 0.27833559764060534 0.11747335186859617 0.08054981579944828 0.1278115363259275 0.08885976029084348 0.28679388715075366
0 0.18159841373453933 0.4002536312392178 0.004997571010393642 0.3208658984946675 -0.03494855174339055 0.4097274731737193 0.14165229098075513 0.4891152059182696
0 0.1643167758549629 0.659261146714313 0.14260315449988464 0.47023017945656387 -0.021653519602363346 0.48909802570546723 0.000060101752714925016 0.6781289929632164
0 0.867334134375 0.90789423125 0.6820889421875002 0.90789423125 0.6820889421875002 1 0.867334134375 1
0 0.7013769664068249 0.050900875578592374 0.6727489433116898 -0.023770500452328803 0.558659628208136 0.019969841848852154 0.5872876513032712 0.09464121787977334
0 0.40547728269903127 0.35747810621637555 0.4027994621874728 0.20613772933768013 0.28303386867464664 0.20825686482222222 0.28571168918620504 0.35959724170091767