0 0.6943143640625 7.452404743623259e-17 0.5125401390625 6.339358629554554e-17 0.5125401390625 0.11490520937500007 0.6943143640625 0.11490520937500008
1 0.5699432628999606 0.43741636527274663 0.3191760555926115 0.42532446046270567 0.31432278203833536 0.5259737687911852 0.5650899893456844 0.5380656736012261
0 0.9276404761548293 0.4277211306986638 0.7998636457791732 -0.017373722595699116 0.4667649646551807 0.07825149832364191 0.5945417950308367 0.5233463516180048
0 0.4135205704352084 0.08599112942954515 0.37332791076592325 -0.004921670994139804 0.08861557446131453 0.12094999925920491 0.1288082341305997 0.21186279968288985
0 0.5247805828125001 5.637031047691895e-17 0.39581645 4.847353485423684e-17 0.39581645 0.05875060625000006 0.5247805828125001 0.05875060625000007
0 0.16191887596514987 0.13502858034586324 0.12159993183386608 0.09628878107820685 -0.03557882364784164 0.25987459155458276 0.004740120483442145 0.2986143908222392
1 0.23795461898718956 0.643402135765098 0.1576953632558923 0.5789720792170625 0.07330004005101069 0.6841016754106672 0.15355929578230793 0.7485317319587026
0 0.4095181807977454 0.6232244676444478 0.34496859129424573 0.4006492144581933 0.10342897910885782 0.4706987037531881 0.16797856861235752 0.6932739569394426
0 0.3906963838466043 0.3834936334461386 0.3660302343364555 0.13324919371047722 0.07990951199840954 0.16145160461158264 0.10457566150855842 0.41169604434724405
2 0.22438797194421828 0.20733466083953989 0.22112144215518495 0.15551921950190428 0.1045737178904685 0.16286657780527197 0.10784024767950182 0.2146820191429076
1 0.5699566746583559 0.20972747240825879 0.3893705483588906 -0.011805301750205954 0.27908589348578794 0.07809506937754876 0.4596720197852532 0.29962784353601346
0 0.14535081116431764 0.4466174574717005 0.043343064478777935 0.37013703501640055 -0.04857393935822487 0.4927337224102085 0.05343380732731484 0.5692141448655084
0 0.07248101718750002 0.243683509375 3.289129392650167e-17 0.243683509375 4.423927109112139e-17 0.429010040625 0.07248101718750004 0.429010040625
0 0.14672009715215262 0.2577408056434766 0.06443326072652891 0.23655319463578284 0.025445876118557885 0.3879694415516823 0.1077327125441816 0.4091570525593761
1 0.18077669440724084 0.4609127086566538 0.176569518072406 0.2972824710430587 0.1088949911471742 0.2990224836000491 0.11310216748200905 0.4626527212136442
1 0.07640437494241517 0.6775049920315214 0 0.565559284375 -0.03709639924841217 0.5908780505566 0.039307975694002996 0.7028237582131214
0 0.368078520226525 0.7812925841358861 0.28915461562499994 0.7064010375 0.2077178562443604 0.7922225663257266 0.28664176084588544 0.8671141129616127
0 0.3181649291432805 0.7267414627223158 0.22438616611840945 0.6503912003657307 0.15033303593750008 0.7413484640625001 0.24411179896237112 0.8176987264190851
0 0.6352242558609779 0.19561454794636882 0.54641305528999 0.02884624676974994 0.4657585318669927 0.07179820470263745 0.5545697324379806 0.23856650587925632
0 0.487754699163329 0.31185070986179475 0.45934243445135403 0.12725822501358114 0.35199759618852866 0.1437806200758472 0.38040986090050366 0.3283731049240608
0 0.529892061564081 0.3013401976369181 0.4650099444833572 0.2700120215238817 0.43804740432731937 0.32585270247784887 0.5029295214080431 0.35718087859088526
0 0.47581261562500005 0.5943346328125 0.4527534260511114 0.5342383145113038 0.3861405408292268 0.5597979359958789 0.4091997304031153 0.6198942542970751
0 0.28915552271945444 0.8600787508526622 0.21107562031250007 0.8008948 0.1284741702607195 0.9098688219400344 0.20655407266767387 0.9690527727926967
0 0.3101821432144859 0.9168303659775441 0.26081335809763334 0.8817256030474203 0.20391432567932904 0.9617442634898079 0.2532831107961816 0.9968490264199318
0 0.2179693910591199 0.8076771242046064 0.1525198799140594 0.7110379200833553 0.07221549737462066 0.7654245701784632 0.1376650085196811 0.8620637742997144
2 0.7573056235991585 0.5937468022481891 0.6795841906250001 0.5212142500000001 0.5973841322366186 0.6092947894334382 0.675105565210777 0.6818273416816271
1 0.5086283809333703 0.5796748898414157 0.5082964243597827 0.554789606047873 0.46064600166489367 0.5554252375793045 0.4609779582384812 0.5803105213728471
0 0.654407923939961 0.5056740944457749 0.49024892919660445 0.23400182965382504 0.3484501050897982 0.31968430607072973 0.5126090998331547 0.5913565708626797
1 0.6122624861196343 0.6323528730560289 0.4976763199916968 0.594856520406864 0.46987111227783007 0.6798272422296945 0.5844572784057676 0.7173235948788594