0 1 0.7171620859375002 0.768744278125 0.7171620859375002 0.7687442781250001 0.8934657218750001 1 0.8934657218750001
1 0.6463859294462035 0.37021211656395503 0.5580504656013076 0.3217282711047484 0.43725322602684724 0.5418156030382493 0.5255886898717432 0.590299448497456
0 0.893943716509194 0.6557427373568846 0.43786385509084536 0.5745726533186557 0.37715388992011817 0.9156908476615065 0.8332337513384667 0.9968609316997353
0 1 0.2943811312500001 0.9133620328125 0.2943811312500001 0.9133620328125 0.6043004515625002 1 0.6043004515625002
0 1 0.6254114000000002 0.9072846859375 0.6254114000000002 0.9072846859375 0.7694941390625002 1 0.7694941390625002
0 0.9872776623572481 0.3527511480487908 0.9543542145612012 0.039505474947584406 0.8913940400425979 0.046122856118316534 0.9243174878386448 0.35936852921952295
1 0.5743685994216399 0.16196273068416325 0.5267111402661163 0.038977548262360794 0.4281906594180467 0.07715479611890474 0.47584811857357023 0.2001399785407072
0 0.7006179316554325 0.15714062418812555 0.4728290809687737 0.11641799536637232 0.42847586693342593 0.36451513304365196 0.6562647176200848 0.4052377618654052
0 0.9545754266368626 0.25568759707554023 0.7010854419087881 0.21249476531487838 0.6544038309739075 0.4864596886738063 0.907893815701982 0.5296525204344681
2 0.9692504493485996 0.28776639532147125 0.920878856429385 0.2727480096928204 0.8858455387424866 0.38558419752697226 0.9342171316617012 0.40060258315562314
1 1.0055858016614647 0.6256113508536243 0.9731294926463381 0.4870784310108839 0.6977719231191977 0.5515908254393874 0.7302282321343244 0.6901237452821279
0 0.8164960994930339 0.14804118191231147 0.7495091628661534 0.011053452452229485 0.6342695781697454 0.06740555630409868 0.701256514796626 0.20439328576418067
0 0.9235656890625 0.2162636515625 0.9188882240742643 0.011898323262292274 0.777480953607194 0.015134819209002415 0.7821584185954298 0.21950014750921013
0 0.9276661575473268 0.22369254193550087 0.8068654865069617 0.12366904502506362 0.7527708473243818 0.18900038130891028 0.8735715183647468 0.28902387821934755
1 0.8511274810160687 0.24194300576957506 0.7096456569551884 0.1648292268807932 0.6753759723189843 0.22770433898383438 0.8168577963798646 0.30481811787261626
1 0.7713309640625 8.062976630382666e-17 0.5250941234375001 6.555210836864851e-17 0.5250941234375001 0.036830207812500064 0.7713309640625 0.036830207812500085
0 0.40691650937499996 0.2200131640625 0.3472118390046274 0.11180439065688363 0.2598666443245487 0.15999748898600158 0.31957131469492134 0.268206262391618
0 0.4856504398263192 0.1863527605423777 0.4363613453125 0.07992121250000002 0.3266282806006668 0.13073925937947456 0.3759173751144861 0.23717080742185223
0 0.9080738924612384 0.7391307754512317 0.8939245169636155 0.6501053537913377 0.7084681494614111 0.6795811117634674 0.7226175249590339 0.7686065334233613
0 0.8845403671875 0.5247669765625 0.7071308667989114 0.4674292360864866 0.6739178362078947 0.5701941360393918 0.8513273365964833 0.6275318765154052
0 0.7220504567846107 0.5693712394475654 0.6836807842017928 0.5206585264274968 0.6270807579108929 0.5652408200900568 0.6654504304937108 0.6139535331101253
0 0.49601039141872166 0.37803554468718525 0.4345940842363475 0.36454058884682106 0.41902112904546235 0.4354139885863004 0.4804374362278366 0.4489089444266646
0 0.3562136578125 0.108412890625 0.28713317188929344 -0.014171552729369052 0.204571308897546 0.03235485354314303 0.2736517948207525 0.15493929689751207
0 0.2593380893670138 0.11943004391805037 0.21516715148308116 0.0318370395185401 0.1619935630189945 0.05865113602333018 0.2061645009029271 0.14624414042284042
0 0.46250536491420224 0.09569011500703727 0.4494065730241859 -0.00034371951501687147 0.33361323179821956 0.015450223177339722 0.3467120236882359 0.11148405769939387
2 0.40283091718749997 0.6508327906249999 0.34483846875 0.5440376562500001 0.2536649270934333 0.5935471862892304 0.3116573755309332 0.7003423206642303
1 0.466861419710079 0.4395105673165027 0.444181857452726 0.4295061342901077 0.42483066019685733 0.47337435568365266 0.4475102224542103 0.48337878871004775
0 0.9928758703125002 0.9004164453125 0.8462906888840308 0.8825228251563694 0.8382646172035898 0.9482726937223603 0.9848497986320591 0.9661663138784912
0 0.743352159646251 0.60784171948351 0.7285017735157062 0.4428330559210729 0.4123617929143559 0.47128490009625185 0.4272121790449007 0.6362935636586888
1 0.41576215835860264 0.4563291298491715 0.3515799809044363 0.39408926145424383 0.26764721243123263 0.4806413056549935 0.331829389885399 0.5428811740499212