2 0.8409821309490215 0.6740551758745184 0.6651084954302858 0.3726226937665572 0.5419847618495924 0.44446040180666513 0.7178583973683281 0.7458928839146264
2 0.6879097180364007 0.9352627723784519 0.3335703111642655 0.6411392201854906 0.23674557748638997 0.757786861784292 0.5910849843585251 1.051910413977253
0 0.5040415328125002 0.9023067843750001 0.3030255593750001 0.9023067843750001 0.3030255593750001 1 0.5040415328125002 1
2 0.5640902793946376 0.4244430624629948 0.2706934992793056 0.3982289202713196 0.24705405322244492 0.6628089056120414 0.5404508333377769 0.6890230478037166
1 0.28544447368930426 0.49945242157020464 0.266074225349726 0.4413045850304738 0.12767102045832718 0.4874095583067904 0.14704126879790536 0.5455573948465212
1 0.3770330552928266 0.21884480437710221 0.19448372850230236 0.21428965104074962 0.19290494074007603 0.2775601102016937 0.37545426753060024 0.2821152635380463
1 0.258146965625 0.08155457187500001 1.1368804388300908e-17 0.08155457187500001 2.0081317435246132e-17 0.22384070781249998 0.258146965625 0.22384070781249998
0 0.2804824281250001 0.492799409375 7.363179848103316e-17 0.492799409375 1.0468887747276084e-16 1 0.2804824281250001 1
0 0.3354341947413447 0.9261172167151968 0.2116848920501142 0.8529554573205218 0.12664569853908586 0.99679482074595 0.2503950012303163 1.0699565801406248
0 1 0.7496106187500001 0.7764440890625002 0.7496106187500001 0.7764440890625002 1 1 1
0 0.5296542014159701 0.17416454431258122 0.42499215022698406 0.13207550812413923 0.35616861912351394 0.30321774818655806 0.4608306703124999 0.34530678437500006
1 0.839357992172235 0.572899782735594 0.8080890207193242 0.3446898319386788 0.7356036344567205 0.3546216664878899 0.7668726059096314 0.5828316172848051
0 1.0047750371278312 0.38535311130014305 0.8165005222000248 0.3732818365893651 0.8108113772582041 0.46201488508166255 0.9990858921860104 0.4740861597924405
0 1 0.4546253687500002 0.8383833859375001 0.4546253687500002 0.8383833859375001 0.6472330390625002 1 0.6472330390625002
0 1.0008818432777435 0.7381426558541794 0.9998751879390516 0.6323860987917261 0.8133665292781078 0.6341614018288932 0.8143731846167996 0.7399179588913464
0 0.7958900124329559 0.7652800637863708 0.4384635491185098 0.6225241052925629 0.3745750383530831 0.7824855155919719 0.7320015016675292 0.9252414740857798
0 0.06696166093750004 0.28891150468750004 3.77189407783356e-17 0.28891150468750004 4.696285658273916e-17 0.43987610625 0.06696166093750004 0.43987610625
0 0.19353070118368793 0.3218320052328615 0.07941877640831953 0.25827438656871404 -0.03760602499229841 0.46838177597304104 0.07650589978307001 0.5319393946371884
1 0.2552527899403933 0.4465800604117417 0.22296317355646728 0.3528255286629551 0.08185849949718102 0.40142281468600893 0.11414811588110703 0.4951773464347956
0 0.4634674758661328 0.4124956337290375 0.4275079448083191 0.2844833962324923 0.21583836445633492 0.34394285883947145 0.2517978955141486 0.4719550963360167
1 0.6174332752687199 0.2899344807902806 0.5910043791751287 0.24224899106136322 0.4441372255891068 0.32364768831187396 0.47056612168269807 0.37133317804079136
0 0.6671027556928065 0.3346598964511057 0.5393458700042715 0.24919269306801312 0.42894769825760315 0.41421653905537925 0.5567045839461382 0.4996837424384718
0 0.3625455462787422 0.0532924508138351 0.15766584868925654 -0.028981702324552938 0.10375368176881825 0.10527076985190735 0.30863337935830387 0.1875449229902954
0 0.1838246603886152 0.0011752488784752988 0.00004094137658918415 -0.0009457626746842114 -0.0011468006306156746 0.10197100031312381 0.18263691838141033 0.1040920118662833
0 0.9132462229905325 0.08614695554805381 0.6328444194532334 0.06621832047280743 0.623674873025201 0.19523655711225377 0.9040766765624999 0.21516519218750013
1 1.0157079267422298 0.184678017562302 0.9992419322219336 0.1193245654927833 0.8995833067597768 0.1444338493759752 0.916049301280073 0.2097873014454939
0 0.7320124355879084 0.0683543005655419 0.686144410718482 -0.03307551277730991 0.5228910630109347 0.040750006228188876 0.5687590878803611 0.1421798195710407
0 1.003390164972166 0.2917442155151253 0.9786576569172409 0.15715025832362978 0.5790613166178813 0.23057866411090616 0.6037938246728062 0.3651726213024017
0 0.7669663319496947 0.3330300213272787 0.6420805598437225 0.30874443377631033 0.6276636861379388 0.38288150788754816 0.7525494582439108 0.4071670954385165
0 0.6356813823016955 0.1734759666536499 0.6278960242880457 0.07527293663065278 0.37064725756956285 0.09566715203321494 0.37843261558321273 0.19387018205621204
0 0.48981035495051894 0.10290899654835087 0.48528773465805103 -0.0029193166964945256 0.3358019171874999 0.0034690265625000024 0.3403245374799678 0.10929733980734539
0 0.3042956750354099 0.2816309942846416 0.07167351650579226 0.18273413298785365 0.014739895952095305 0.316651645964955 0.24736205448171295 0.4155485072617429
0 0.3936993211660663 0.218164454351569 0.38934612019800835 0.1715560663077055 0.1782990865871609 0.19126775747702615 0.1826522875552188 0.23787614552088968