0 0.9315460001118516 0.8570084685574695 0.8533354108605546 0.6522765088077105 0.5536111480280695 0.7667755407990595 0.6318217372793665 0.9715075005488185
0 1 0.6717115390625001 0.9388798078124999 0.6717115390625001 0.9388798078124999 0.89304326875 1 0.89304326875
0 1 0.7627716343750002 0.849627403125 0.7627716343750002 0.849627403125 1 1 1
0 1 0.059129807812500136 0.950622596875 0.05912980781250012 0.950622596875 0.2235096156250001 1 0.2235096156250001
0 0.11310817343750004 0.3994447109375 4.8917868668594913e-17 0.3994447109375 6.059293301545318e-17 0.59011298125 0.11310817343750006 0.59011298125
0 0.3252557467959774 0.39217767194436315 0.15579465059812653 0.30724982505123133 0.058499912699293735 0.5013872433631062 0.2279610088971446 0.5863150902562382
0 0.5990865390625 6.641913132194504e-17 0.48562019218749997 5.947132139637444e-17 0.48562019218749997 0.04730288437500006 0.5990865390625 0.04730288437500007
0 0.5075593596354209 0.6637457125296089 0.4165743850852105 0.5131828432579845 0.2092814557130227 0.6384497300715023 0.3002664302632331 0.7890125993431267
1 0.2540336531250001 0.7994326921875 0.12015384687500011 0.7994326921875 0.12015384687500012 1 0.2540336531250001 1
0 0.3593990390625001 0.9129615390625 0.20076442343750006 0.9129615390625 0.20076442343750006 1 0.3593990390625001 1
0 1 0.2270576921875001 0.87073076875 0.2270576921875001 0.87073076875 0.42691586562500017 1 0.42691586562500017
0 0.7046173321061164 0.265032383111104 0.5967881161063276 0.20589822924358034 0.4973390703062088 0.3872403460949932 0.6051682863059975 0.4463744999625169
0 0.8698567099206382 0.06573911008980915 0.6541838546696891 0.026801222142041014 0.623861827665863 0.19475173218726832 0.8395346829168121 0.23368962013503647
0 0.909303449702427 0.427299088149608 0.8554244883915452 0.25466383298450174 0.6300523413327308 0.3250018249567614 0.6839313026436128 0.49763708012186764
0 0.7915317660502004 0.6706430817069858 0.6606864431931706 0.459828227745718 0.5362737059038616 0.5370468130221487 0.6671190287608912 0.7478616669834166
0 0.4746807159523795 0.8063764828769543 0.369523355624509 0.6765503018267517 0.19994286339106368 0.8139080888471859 0.30510022371893414 0.9437342698973884
1 0.04854567343750008 0.6693461531249999 0.0023593218371803504 0.6639511190031605 -0.018773228957249078 0.844864788715108 0.027413122643070654 0.8502598228369473
0 0.6647668265625002 0.9247860578125 0.5060288468750002 0.9247860578125 0.5060288468750002 1 0.6647668265625002 1
0 0.4227589341443728 0.43292805842248683 0.3673359412525477 0.20729339833431454 0.219969201833827 0.2434913200015954 0.2753921947256522 0.46912598008976775
0 0.44279334153636424 0.5157338473027694 0.39388070739519854 0.4135648278291866 0.21778434080605064 0.4978696121654078 0.2666969749472164 0.6000386316389906
0 0.33725572256336234 0.34400122985670306 0.3307523200307538 0.0953821729586272 0.16259198095759264 0.09978092818140584 0.16909538349020117 0.34839998507948167
0 0.610529072105792 0.20414733102908006 0.5940689607957275 0.06959911940752941 0.4327622842727622 0.08933275851447471 0.44922239558282673 0.22388097013602531
0 0.6588660429489488 0.23045980174082153 0.5512447883528402 0.12857954683351425 0.3981670115778343 0.29028332743651686 0.505788266173943 0.39216358234382415
0 0.6481789169358888 0.4103617057213424 0.43024240883803405 0.3257764126248418 0.3631736474371071 0.4985810590010205 0.5811101555349618 0.583166352097521
0 0.7108918265625002 0.7083725968750001 0.584302884375 0.574740384375 0.502040355898247 0.6526671526797697 0.6286292980857472 0.7862993651797698
0 0.6253129487681927 0.6830145380128688 0.49337038199728367 0.6652064178677343 0.46855983635409115 0.8490308220423654 0.6005024031250001 0.8668389421875
0 0.5429567312500001 0.8006153843750001 0.3797187500000001 0.8006153843750001 0.3797187500000001 1 0.5429567312500001 1
0 0.8906874752976675 0.628684190345684 0.8609474770863426 0.43904609556536833 0.6884785437149258 0.4660935396768321 0.7182185419262507 0.6557316344571478
0 0.8130066643892706 0.27261083439608674 0.7591639644222163 0.15007958478755676 0.6125443187829457 0.21450721132897002 0.6663870187499998 0.3370384609375