1 0.6865339021722583 0.1714196326794572 0.5342632727975946 0.049723504579616405 0.31351669609977245 0.3259296640599182 0.4657873254744362 0.44762579215975895
0 1.0834381444717573 0.31968794943309964 0.7433142083701163 -0.010983048867791556 0.5070030288415837 0.23208359120364727 0.8471269649432248 0.5627545895045384
0 0.9660388248410599 0.6007676743585016 0.5989337980637824 0.30514218906182855 0.3869021336140909 0.5684411728328691 0.7540071603913685 0.8640666581295422
1 1 0.1201599031250001 0.8960777468750001 0.12015990312500009 0.8960777468750001 0.4659447828125002 1 0.4659447828125002
0 1.0027044512650658 0.13084629621974878 0.8875624443671523 0.0956438523478638 0.8805258682132024 0.11865945612254547 0.9956678751111159 0.15386189999443045
0 1.0092534585110164 0.5444588115842341 0.9293530658600954 0.5200308092672717 0.8376876370365792 0.8198549070580377 0.9175880296875001 0.8442829093750002
0 0.9260196950272837 0.8425523135729589 0.5873072283563416 0.7219969614622546 0.505997591885686 0.950444616841364 0.8447100585566283 1.0709999689520682
0 0.613398946401573 0.7540680967457292 0.4750047847270996 0.3627946757982102 0.19370838434669685 0.46228975373736425 0.3321025460211702 0.8535631746848834
0 0.641525425 1.0000000000000002 0.5714000312499999 0.7332785984375 0.3710934637493349 0.785942452310522 0.4412188574993349 1.052663853873022
0 0.4077424186955955 0.18610956960264047 0.19039004044286517 0.18544146241779924 0.18970163130281997 0.409398586655733 0.4070540095555503 0.41006669384057426
1 0.22408827060166742 0.2532123821868057 0.1299525351434569 0.18273044784780043 -0.021310200346991402 0.3847570946240653 0.07282553511121911 0.4552390289630706
0 0.6804885781250001 6.529687551951484e-17 0.3403230109375 4.446774186769905e-17 0.3403230109375 0.21688250625000002 0.6804885781250001 0.21688250625000008
1 0.4179437816954841 0.05408864741804718 0.3351432197953409 -0.04633033861692841 0.11060124613221797 0.1388159402251836 0.1934018080323612 0.2392349262601592
0 0.2451504519263569 0.22533413534194172 0.22816253556245508 0.1644433530654975 0.17861472693414582 0.17826669376706622 0.1956026432980476 0.2391574760435104
1 0.32796039585746567 0.4098734580637776 0.17431571250000003 0.33791083750000006 0.09932545330859802 0.49801971816737217 0.25297013666606366 0.5699823387311497
1 0.4901580305744705 0.9071745878901865 0.32758569962746625 0.8574712339658042 0.29608571720270366 0.9605030248460402 0.458658048149708 1.0102063787704225
0 0.17872977031250006 0.4394833375 5.38211862547971e-17 0.4394833375 7.608301850614826e-17 0.8030466484375 0.1787297703125001 0.8030466484375
0 0.0753227981659883 0.8801930896416457 4.4408920985006264e-17 0.827782415625 -0.019783651438698292 0.8562147915152636 0.05553914672728997 0.9086254655319091
1 0.21215140730117737 0.5966529602124508 0.11962861591787133 0.5703589642824741 0.04917633205419412 0.8182650634450231 0.14169912343750016 0.844559059375
0 0.3328261825757135 0.6970814519145089 0.1571310450463548 0.6687436811568641 0.13252112563894533 0.8213260141798239 0.308216263168304 0.8496637849374686
0 0.2669134203125 0.0010942906250000605 0.18572688612778795 -0.05620762408969639 0.02158855037526398 0.17634695411144546 0.10277508455997605 0.23364886882614191