0 0.3859829706752089 0.5796664556887622 0.012179492002223102 0.5541577195068136 -0.007718442270574871 0.8457408460296326 0.36608503640241097 0.8712495822115812
0 0.6524110968750001 0.7896120437499999 0.30353545156250006 0.7896120437499999 0.30353545156250006 1 0.6524110968750001 1
0 0.49238296335614756 0.45186271723565047 0.29650691527200196 0.21388859346764066 0.11860741611810595 0.36031733243584885 0.31448346420225154 0.5982914562038586
0 0.44917193364899843 0.027805795186351023 0.2920156011002912 -0.10722677348767513 0.0196937929707234 0.20971229579707984 0.17685012551943066 0.344744864471106
0 0.19255822476004528 0.2604950009407238 0.07122314743062926 0.21422931294548606 -0.015452970446532422 0.44154363422655124 0.1058821068828836 0.487809322221789
0 1.0346799701675065 0.47245824777077877 0.6929830186565511 0.3614341773409477 0.5822736637226867 0.7021625341575388 0.9239706152336419 0.8131866045873698
0 0.6989730330491681 0.41827827615977187 0.39684729740654046 0.2271399733901744 0.28017404123450795 0.41156137318301056 0.5822997768771356 0.602699675952608
0 0.6493147031250001 6.406928928102293e-17 0.3326131296875 4.4676910871264694e-17 0.3326131296875 0.19686096406250003 0.6493147031250001 0.19686096406250006
0 0.5260724338491901 0.7434255933596863 0.48800796384410045 0.5641831752194361 0.309218734375 0.6021514046874998 0.34728320438008964 0.7813938228277502
0 0.8888938381267109 0.4286659431388619 0.7598182000732531 0.21890989910807607 0.5854403574674539 0.3262151803491042 0.7145159955209117 0.53597122437989
0 0.8403702904967373 0.8330115819110473 0.7431563577420682 0.6078568688557758 0.5432157729525684 0.6941842226157844 0.6404297057072375 0.919338935671056
0 0.9411971312500003 0.7601688406250002 0.8289724623427993 0.7237048354172794 0.7462848902095374 0.97819101576235 0.8585095591167382 1.0146550209700709
0 0.8174155275652076 0.9997094891246483 0.783930621875 0.8395315562500002 0.6069660359542434 0.876525681244112 0.640450941644451 1.03670361411876
0 0.5945611040890809 0.795196289075288 0.5246230721605548 0.5013622206999699 0.3606472254671546 0.5403915547215841 0.4305852573956807 0.8342256230969023
0 0.3863702337398921 0.5359809419687039 0.16256606686489228 0.34783226841169 0.06537670969129658 0.4634396904579695 0.2891808765662964 0.6515883640149834
0 1 0.25846044062500007 0.8569051390625001 0.25846044062500007 0.8569051390625001 0.45896338281250015 1 0.45896338281250015
1 0.827332974100542 0.09576049525036914 0.690678988506116 0.02026717678002101 0.5672863307998811 0.243625995948485 0.7039403163943071 0.3191193144188331
0 0.5607317697794194 0.29983894677551376 0.5564473968749999 0.164789109375 0.35155058408379775 0.17128933454980805 0.3558349569882173 0.3063391719503218
0 0.6494038585048492 0.22237743160353354 0.5576596421875 0.16752064687500007 0.5028390270948555 0.25920437195292373 0.5945832434122046 0.3140611566814572
0 0.9497518599428989 0.22178732842590385 0.7991907890624999 0.11207088281250002 0.6744224199229223 0.2832873231978126 0.8249834908033215 0.3930037688112164
0 1.0146840649523219 0.14149987430272565 0.8481367679752478 0.08738538140798176 0.8220385361241487 0.16770748622999238 0.9885858331012226 0.2218219791247363
0 1.0281870952819336 0.2418176481948306 0.9704637236570441 0.15523170641879389 0.8414490609027527 0.24124060313425133 0.8991724325276422 0.32782654491028806
0 0.3582780546412638 0.8308887919777677 0.15513350286347033 0.7484184357444658 0.09586194687500008 0.8944186984375 0.2990064986527935 0.9768890546708018
0 0.20823271085956466 0.5126470386531141 0.11777451562500005 0.4394257 -0.007034058171659518 0.5936151554664173 0.08342413706290505 0.6668364941195314
0 0.7267349878345795 0.4925425217687402 0.6530031928489247 0.45169447019321246 0.558881654076768 0.6215862944740218 0.6326134490624228 0.6624343460495495
0 0.6185196671875001 0.6761030124999999 0.61604906875 0.5070212953125 0.5297925277902574 0.5082816638423687 0.5322631262277574 0.6773633810298687