1 0.6112637124466029 0.37048997978929554 0.38365343244630445 0.35982103343715094 0.37703231516373104 0.5010753156182979 0.6046425951640295 0.5117442619704424
0 0.9928319601084985 0.06434922759903525 0.5584110309988553 0.0032953491197060814 0.5092493036608612 0.3530992239716061 0.9436702327705044 0.41415310245093523
0 0.7513564978783656 0.8174376907316064 0.7343576640857649 0.465481297729859 0.11474364999244513 0.4954074927090371 0.13174248378504583 0.8473638857107844
0 0.9556208609375 0.6949094812500002 0.5593999703125001 0.6949094812500001 0.5593999703125002 1 0.9556208609375 1
0 0.2306578281250001 0.7202671890625 8.848145617189605e-17 0.7202671890625 1.0340406961257877e-16 0.9639719609374999 0.2306578281250001 0.9639719609374999
0 0.5413209668786104 0.8196154363786118 0.14554378901991344 0.7463349313894678 0.10907969253854306 0.9432721277243179 0.50485687039724 1.0165526327134617
0 0.35683629034475484 0.4839935457963341 0.00898356461095704 0.41405063370429673 -0.04967447577730433 0.7057793968477296 0.29817824995649345 0.7757223089397669
0 0.22534929687499994 0.4495805 0.052569316013006594 0.1411158865935891 -0.08584658537952167 0.21864664945645024 0.08693339548247167 0.5271112628628611
0 0.12869533124999996 1.1102230246251566e-17 0.09880747368607293 -0.03161920324933433 0.030811281498572936 0.03265377956316568 0.0606991390625 0.06427298281250002
0 0.6173684489727836 0.10016116384928156 0.26337905111127413 -0.12690010526374773 -0.00713090240589116 0.29482595984257787 0.3468584954556184 0.5218872289556071
0 1.0395758656567269 0.2533664944448346 0.813186330872926 0.2215495197583664 0.7434326837910243 0.7178725004301058 0.9698222185748252 0.7496894751165739
0 0.8516970171875 0.3300056265625001 0.6446024648642427 0.2607141413409357 0.5486432647864266 0.5475116824510604 0.755737817109684 0.6168031676726249