0 0.3871339348732964 0.5776692109350365 0.09979509566064533 0.5147734487680518 0.016607974291023387 0.8948132172397054 0.3039468135036745 0.9577089794066902
0 0.3037339827889289 0.42920367660292735 0.1688823120617873 0.20678145993527206 -0.09439002899904263 0.3664000249338718 0.04046164172809896 0.5888222416015271
0 0.709225297465293 0.7819467100173503 0.5434274818621587 0.5221194720204884 0.3491915081649947 0.6460629830965926 0.5149893237681289 0.9058902210934544
0 1.0078890519508716 0.9106257382969121 0.943786212673188 0.698361968796301 0.5500461238114616 0.8172699562162242 0.6141489630891452 1.0295337257168353
0 0.6352568812500002 0.87178443125 0.3907003062500001 0.87178443125 0.3907003062500001 1 0.6352568812500002 1
0 1 0.8982035921874999 0.8294617734375 0.8982035921874999 0.8294617734375 1 1 1
0 0.7107798171875 6.777652294548173e-17 0.33315596406250003 4.465373079492064e-17 0.33315596406250003 0.3592814375000001 0.7107798171875 0.3592814375000001
0 0.727629367682405 0.6824224364171503 0.6392080282241805 0.33601880190385747 0.42775883426261946 0.38999231457704997 0.516180173720844 0.7363959490903428
0 1 0.5019371250000002 0.75753516875 0.5019371250000002 0.7575351687500002 0.8524131734375 1 0.8524131734375
0 0.4411050689130366 0.5039073901649266 0.28348416045859953 0.39893666181122955 0.18627267904556294 0.544906516958803 0.34389358749999993 0.6498772453124999
0 0.8476208116038387 0.3397598229441147 0.6880175234386616 0.15218341710609912 0.5320784204200898 0.28486744783001167 0.6916817085852669 0.47244385366802727
0 0.47270184820554306 0.247686529314563 0.29511148444974805 0.07591835334629479 0.14606309135555534 0.23001883323789177 0.3236534551113503 0.40178700920615995
0 0.388902140625 2.9899171137734934e-17 0.08680122343749999 1.1400825075077364e-17 0.0868012234375 0.11800000000000002 0.388902140625 0.11800000000000004
0 0.2648256875 0.12504491093749998 0.09853343603374917 0.029779386636727762 0.008664868114841429 0.18665089503361915 0.1749571195810923 0.2819164193343914
0 0.5063133989050635 0.4761611166086901 0.24847263352577093 0.318846375640295 0.16068220834576383 0.46273594556899084 0.4185229737250564 0.6200506865373858
0 0.5404472926816279 0.8679411564369017 0.43066656165965744 0.5969496072837106 0.2906842072379514 0.6536575203039217 0.40046493825992185 0.9246490694571129
0 0.9002887610782209 0.03394534090753938 0.7071537730174345 -0.017169346050817946 0.6558474465022278 0.17668974511470306 0.848982434563014 0.2278044320730604
0 1 1.102425550313629e-16 0.7791620796875 9.672013241930982e-17 0.7791620796875 0.1047904187500001 1 0.10479041875000013
1 1.015362114427515 0.4666793952181402 0.9853264783370536 0.3132863747004541 0.7349807144947302 0.3623061686531369 0.7650163505851917 0.515699189170823
0 0.83624770625 0.549901196875 0.7191979473918474 0.4954622764380495 0.6323997817668474 0.6820880264380496 0.7494495406249999 0.7365269468750001
0 0.8340244640625001 0.5479041921874999 0.8016931733167377 0.44273116053267075 0.7023660895411604 0.47326534571254075 0.7346973802869228 0.5784383773673699
0 0.9613975531250001 0.3353293406250001 0.9243035580064497 0.1673646429142863 0.7164319986314496 0.21327182885178625 0.7535259937500001 0.38123652656250007
0 1 0.09680538906250012 0.9155443421875 0.09680538906250011 0.9155443421875 0.2964071859375001 1 0.2964071859375001
0 0.9759090847778044 0.14228665442497182 0.9044592152366129 0.06569497488830037 0.7855311591480836 0.17663906364201987 0.8569810286892752 0.2532307431786913
0 0.09721854178996041 0.00021533766976584106 0.0011060557823418366 -0.0014629915590859005 -0.003072731320118542 0.2378426285836483 0.09303975468750003 0.23952095781250002
0 0.14296941875000008 0.53293413125 6.642663898087701e-17 0.53293413125 8.048202768856794e-17 0.7624760484374999 0.14296941875000008 0.7624760484374999
0 0.24792660625000007 0.8343323359375001 1.0364288530596566e-16 0.8343323359375001 1.1378710403178363e-16 1 0.24792660625000007 1
0 0.4408781742403921 0.8878836072774948 0.4147777335495678 0.7812916392091377 0.21458563919465812 0.8303112978210454 0.2406860798854824 0.9369032658894024
0 0.5911388834573618 0.3720019836040773 0.5777499024574969 0.2867188104460675 0.38773627769564223 0.3165498863482073 0.401125258695507 0.40183305950621706
0 0.5291834859375002 0.38746107812500014 0.36914067343750007 0.3328622750000001 0.3412872548217036 0.41450764445629124 0.5013300673217037 0.46910644758129116