0 0.6707523750000001 0.7004321484375 0.3528486312500001 0.7004321484375 0.3528486312500001 1 0.6707523750000002 1
0 0.9584306265755338 0.9007698562330313 0.9306381023582773 0.5946703485224941 0.6708721114691216 0.6182559878677021 0.6986646356863779 0.9243554955782394
0 0.4610617191755747 0.48538488497829146 0.15703539444151215 0.47032795409205946 0.1451595265620825 0.7101229356650849 0.4491858512961451 0.7251798665513168
0 0.18364435913447494 0.6709497800913291 0.08812314402713331 0.2597028049953935 -0.0825486918309776 0.2993451176031991 0.012972523276364023 0.7105920926991347
0 0.25296637320238047 0.815945139551036 0.13150814155977025 0.6073751878868933 0.01814165542511832 0.6733928132619224 0.1395998870677285 0.8819627649260651
0 1.0025769616658893 0.3410870340211066 0.7806152297097422 0.035582920296340206 0.4899504401431775 0.24676325212318972 0.7119121720993247 0.5522673658479562
0 0.6304406211273617 0.49558381043782934 0.5515581304822816 0.2919410864846553 0.2185092866087774 0.42094997912374305 0.29739177725385746 0.6245927030769172
0 0.3474767624677774 0.28656387806344663 0.1991957393380222 0.09279968091786207 -0.045126513845549845 0.2797710317098096 0.10315450928420536 0.4735352288553941
0 0.7120811463428943 0.6215862168142433 0.5440254863181561 0.54753483911035 0.47050380781250006 0.7143883750000002 0.6385594678372384 0.7884397527038935
0 0.6708755996131807 0.1434491703954976 0.42531063928769397 0.12458204331330973 0.40962570895683265 0.3287291441213757 0.6551906692823193 0.34759627120356357
0 0.9694766623327219 0.42037394404401585 0.7301817548607018 0.36667905430425163 0.6824999300372017 0.5791763313176868 0.9217948375092216 0.632871221057451
0 1 0.2959874296875001 0.917180090625 0.2959874296875001 0.917180090625 0.5070356859375001 1 0.5070356859375001
0 1 0.4698669437500002 0.92883805625 0.4698669437500002 0.92883805625 0.6701844296875001 1 0.6701844296875001
0 0.7944004385336071 0.5970104836651668 0.5155751370451058 0.4808802100329569 0.45076794812217547 0.6364803255315777 0.7295932496106767 0.7526105991637879
0 0.499347629705664 0.7509306715443479 0.4558034414787885 0.6031877366514801 0.1784979721990096 0.6849178143666453 0.222042160425885 0.8326607492595134
0 0.7938582723073477 0.032111112613977436 0.652368594612286 -0.0841013792706827 0.5278264882449044 0.06752967349836045 0.6693161659399661 0.1837421653830206
1 0.4735375644419936 0.22868981798319718 0.3653648646191216 -0.0024239591545006877 0.22396629111797833 0.06375757980935087 0.33213899094085025 0.29487135694704875
0 0.3737635455063311 0.3332152480550944 0.261987640625 0.25730107968750004 0.14681111287831167 0.42688682220182317 0.25858701775964277 0.5028009905694175
0 0.405166950561724 0.31418844086081216 0.3632160100673622 0.21594729003302607 0.264910040625 0.25792590937500004 0.3068609811193618 0.35616706020278616
0 0.5966915109820896 0.12570488957686554 0.48071721965695174 -0.048907017320547676 0.33108853679986217 0.05047383685258684 0.447062828125 0.22508574375000007
0 0.5959150234374999 6.749734375467475e-17 0.4924438609375 6.116156235669073e-17 0.4924438609375 0.07426810468750007 0.5959150234374999 0.07426810468750007
0 0.767248353832888 0.9238666945344158 0.683213037854433 0.80820200471227 0.524145549564927 0.9237712995494614 0.608180865543382 1.0394359893716072
0 0.39107236373688536 0.9342180335908548 0.3374439864277923 0.7425346293090395 0.22604153479801262 0.7737023390622337 0.2796699121071057 0.9653857433440491
0 0.7093603745611905 0.48818998023295723 0.6272382554485896 0.31218414572079806 0.5508530260366069 0.3478245375612221 0.6329751451492077 0.5238303720733812
0 0.7121344421875001 0.5076263296874999 0.5738922781250001 0.4102413453125 0.5242116148646917 0.48076517858354045 0.6624537789271917 0.5781501629585404