2 1 0.4703125000000001 0.6234375 0.4703125 0.6234375000000001 0.859375 1 0.859375
0 0.821875 0.5937500000000001 0.528125 0.59375 0.5281250000000001 0.890625 0.821875 0.890625
0 0.7562500000000001 0.596875 0.3390625000000001 0.596875 0.3390625000000001 1 0.7562500000000002 1
0 0.5828125000000001 0.5078125 0.2078125000000001 0.5078125 0.2078125000000001 0.85625 0.5828125000000002 0.85625
0 0.7609375 0.2765625000000001 0.3671875 0.2765625000000001 0.36718750000000006 0.6875000000000001 0.7609375 0.6875000000000002
0 0.4453125000000001 0.34843750000000007 4.267128690779059e-17 0.3484375 6.859935585848846e-17 0.771875 0.44531250000000017 0.771875
2 0.4109375 0.19062500000000002 2.3344829608746423e-17 0.190625 5.166478683902896e-17 0.653125 0.4109375 0.653125
0 0.6046875 0.0015625000000000478 0.178125 0.0015625000000000216 0.17812500000000003 0.415625 0.6046875 0.415625
0 0.99375 0.3546875000000001 0.653125 0.3546875000000001 0.653125 0.6781250000000001 0.99375 0.6781250000000002
0 1 0.20312500000000008 0.64375 0.20312500000000008 0.64375 0.5718750000000001 1 0.5718750000000001
0 0.93125 0.1062500000000001 0.5 0.10625000000000004 0.5 0.48906250000000007 0.93125 0.4890625000000002
0 0.834375 7.893231322629425e-17 0.4546875 5.568315914873122e-17 0.4546875 0.3312500000000001 0.834375 0.3312500000000001
0 0.703125 5.855342508423283e-17 0.253125 3.099887210341738e-17 0.25312500000000004 0.40625 0.703125 0.40625