1 0.6001404303044582 0.541850162145025 0.4517868535069004 0.4677218905544137 0.2936180191098235 0.7842666017315034 0.4419715959073812 0.8583948733221147
0 0.21596551718750007 0.6035426359375 7.673820387396337e-17 0.6035426359375 1.0101421596884025e-16 1 0.21596551718750007 1
0 0.6698678156250002 0.8305658921875001 0.057977010937500115 0.8305658921875001 0.05797701093750013 1 0.6698678156250002 1
1 0.47833498474532643 0.8329702331309081 0.4749651756686033 0.7868675580798212 0.2806186971732768 0.8010730358864129 0.28398850624999994 0.8471757109374998
0 0.33996306473463883 0.7704076666004379 0.31345131436006957 0.6328712517343914 0.15030610955128518 0.6643193954780758 0.17681785992585436 0.8018558103441225
0 0.595631036356394 0.46814673336020396 0.4856366986435171 0.3297467812626714 0.17170739322903747 0.5792443100869227 0.2817017309419144 0.7176442621844553
0 0.5658648251102892 0.14304389900227837 0.32225188166996016 0.0700229562090596 0.16709459411238645 0.587659706328209 0.4107075375527156 0.6606806491214278
0 0.3798651235255768 0.18325373623351432 0.09515080928889158 0.016204797087401256 -0.03181776267418518 0.23260706866638697 0.2528965515625 0.39965600781250005
0 0.24195385028311875 0.2504067144418742 0.011291260049462399 0.24156486791813422 -0.002125732573508843 0.5915820575686254 0.2285368576601475 0.6004239040923652
0 0.8567044508034709 0.20138775971724504 0.5083461002710575 0.10482372617493149 0.4250021922447839 0.40548998111379114 0.7733605427771971 0.5020540146561047
0 0.9687282086156879 0.5343560483327043 0.7168274253768756 0.31077314079547663 0.33708807895560394 0.7386083444958563 0.5889888621944163 0.9621912520330842