0 0.8639871843750001 0.6853468093750001 0.4609177921875001 0.685346809375 0.4609177921875002 1 0.8639871843750001 1
1 0.38787182907532114 0.8226291632430496 0.36510220019185363 0.7841895810477172 0.1890967427552263 0.8884461498868959 0.21186637163869385 0.9268857320822284
1 0.45184757469182013 0.4912250139439158 0.39715541858274195 0.45490925587437303 0.29611052571579244 0.6070846020180932 0.3508026818248707 0.6434003600876361
0 0.5896492839458287 0.044466243582947464 0.4365335068994238 -0.007506912974393787 0.2882214183865745 0.42942865496567684 0.44133719543297945 0.4814018115230181
0 1 0.3307199265625001 0.7846777296874999 0.3307199265625001 0.7846777296875 0.8362545296875 1 0.8362545296875
0 0.5135660065294915 0.9710098165924569 0.40011116628177223 0.805167896086982 0.23958506370524 0.9149861089242375 0.35303990395295926 1.0808280294297123
0 0.6518911346795148 0.6551663133011952 0.5270921028960189 0.5262195533191576 0.31891953622989944 0.7276959980738453 0.4437185680133952 0.8566427580558829
1 0.2999295498445574 0.7992616070302094 0.2723235621292096 0.7583340487307033 0.13438928116678656 0.8513718996063548 0.16199526888213436 0.892299457905861
0 0.5015212150239857 0.7217615322159582 0.43805250776293336 0.5576643128214602 0.10903820986025092 0.6849188283783898 0.17250691712130325 0.8490160477728876
0 0.3645677819426439 0.21469358238914218 0.17601296101232275 0.17833849201727317 0.11914898756224337 0.4732621525444041 0.3077038084925645 0.5096172429162731
0 0.45446710587323463 0.03995825239312985 0.3264314167216237 -0.03303611424276318 0.18349415971344274 0.21768282544982848 0.31152984886505375 0.2906771920857215
0 1.0454373272773654 0.2647931488491312 0.8535315304443005 0.13535105342751538 0.7844990450376905 0.23769592103933984 0.9764048418707553 0.3671380164609557
0 0.9338675430849314 0.3139327943129394 0.5496591707900095 0.2942396475748052 0.5396112131501227 0.4902727905277115 0.9238195854450447 0.5099659372658457
0 0.8749699267743475 0.24650592525809234 0.6342990104535077 0.23696657571031224 0.6297660176561866 0.3513307181230355 0.8704369339770262 0.3608700676708156
0 0.8146573727169608 0.5156273770138993 0.6413727884770152 0.4437172863021962 0.5568579985241964 0.6473759118741578 0.7301425827641421 0.719286002585861
0 0.869445385595814 0.0742474167320307 0.625588316848218 0.06881118201812667 0.6209551140649042 0.2766460730985961 0.8648121828125002 0.28208230781250015
0 0.6303283546875 0.2674661265625001 0.43114292866082266 0.2642840140953383 0.4260690702888391 0.581883926685477 0.6252544963155164 0.5850660391526386
0 0.69033555625 0.0746819203125001 0.6032030022735079 0.03748909972421843 0.5313004116485078 0.20593710284921837 0.6184329656249999 0.24312992343750003
1 0.67517131875 0.015233709374999993 0.6406536321043588 -0.034130124625733685 0.5912854748230099 0.00039058507613045637 0.625803161468651 0.049754419076864134
0 0.4508232173531347 0.4331081498707629 0.38439933870185977 0.37204620116747344 0.20818687118253543 0.5637321169940476 0.27461074983381034 0.6247940656973372
0 0.12621454656290812 0.6217707250787613 0.1244281929382639 0.3675902416763721 0.013703550808103062 0.36836840278126515 0.01548990443274727 0.6225488861836543
0 0.33859296609416645 0.050498586379765543 0.3026340758049355 0.004911384821520359 0.18192944136480899 0.10012242122805766 0.21788833165403992 0.14570962278630284
0 0.23840360566706917 0.7841256652296309 0.10290179951236329 0.6951119649424127 0.038464558101841684 0.7932020630574133 0.17396636425654757 0.8822157633446315
1 0.2614715076226773 0.18596956081422128 0.22588060625 0.13889667031250008 0.114767453463433 0.22290717444522007 0.15035835483611026 0.2699800649469413