1 0.551486570871859 0.40445590154426797 0.22935825820722303 0.25799332947211984 0.16071630769861375 0.4089637472554122 0.4828446203632499 0.5554263193275603
0 0.10442904843750007 0.4075086859375 5.0878059479602554e-17 0.4075086859375 7.041399108283238e-17 0.7265546609375 0.10442904843750009 0.7265546609375
0 0.41814843119362044 0.11632869247477524 0.3012390205696901 -0.012293953957115477 -0.07742372293751465 0.3318852352971625 0.039485687686415624 0.46050788172905327
1 0.2993282808918277 0.2911893780289242 0.2711387018566425 0.2522162282931682 0.11364278593749999 0.36613423593750005 0.1418323649726852 0.4051073856732561
0 0.2629004181562652 0.4922657768532922 0.17462319153509132 0.38325248073062845 0.04546510610860181 0.487842636084905 0.1337423327297757 0.5968559322075688
0 0.5952017470050103 0.4656839556036913 0.19506958454118242 0.4620256184039933 0.19343327493942558 0.6409976659958152 0.5935654374032534 0.6446560031955132
0 0.7750795784180483 0.7535829589069182 0.34987992680144586 0.42749178650094627 0.18831308906250008 0.6381634296875001 0.6135127406791026 0.964254602093472
0 0.5575286984375002 0.7334891671875 0.3101653984375001 0.7334891671875 0.3101653984375001 1 0.5575286984375002 1
0 0.4565346211579895 0.8563641180652637 0.2258347060234433 0.5927932591398077 0.052140558610291876 0.7448253359443018 0.2828404737448381 1.0083961948697577
0 0.9651341954215953 0.5075839118300783 0.7111484082120512 0.32637236724939483 0.5011928388036399 0.6206457299019623 0.755178626013184 0.8018572744826459
0 0.8426492718691362 0.178320116754841 0.27829095570825035 0.08480742966596558 0.22323256200174663 0.4170902816515342 0.7875908781626324 0.5106029687404096