0 0.6979816765625 0.16417118906250006 3.0990444811279683e-17 0.1641711890625 6.277847749423252e-17 0.683309159375 0.6979816765625 0.683309159375
0 1 0.6206833921875001 0.9262634171874999 0.6206833921875001 0.9262634171874999 0.7814363062500002 1 0.7814363062500002
0 0.5626764815266994 0.027023270301166268 0.49393295028953765 -0.08622238433820435 0.07641626018611417 0.16722285132722417 0.14515979142327579 0.2804685059665948
0 0.11006329427716463 0.24473994058677834 0.05619266136156278 0.18101730224692067 -0.05387063291560181 0.27406397259764237 4.4408920985006264e-17 0.33778661093750006
0 0.42358895968390897 0.6722734447768015 0.1798871574634276 0.5795868244308415 0.0508837167854332 0.9187767837639585 0.29458551900591456 1.0114634041099184
0 0.5037763401153289 0.9115322209776444 0.48394676759922833 0.6450892935433905 0.3478507770545271 0.6552180116881895 0.3676803495706277 0.9216609391224434
0 0.4445996375000002 0.8521943984375 0.3286127531250001 0.8521943984375 0.3286127531250001 1 0.4445996375000002 1
1 1.0145866508668049 0.6695462209835139 0.9894600164509676 0.12236441025609941 0.7750571863733351 0.13220980610710528 0.8001838207891725 0.6793916168345198
0 0.7483375735629001 0.15900911372641702 0.7396257754320941 -0.010024143934024166 0.3061694533435363 0.012315743664562357 0.3148812514743423 0.18134900132500356
0 0.820277796645924 0.07803472437142042 0.781724042960401 0.010766339776427847 0.6257504065354762 0.10016003038408812 0.6643041602209991 0.1674284149790807
0 0.8135968990254373 0.2940640908621185 0.5597774404911724 0.292990547909899 0.5570043207839369 0.9486436273568358 0.8108237793182017 0.9497171703090552
0 0.7157543765625001 0.9560691156250002 0.628872711290523 0.8222830832569222 0.5077742839332802 0.9009253214964744 0.5946559492052572 1.0347113538645523