0 0.567103342195176 0.43790889451916704 0.06229225494847325 0.26269171377110856 -0.06824266669472386 0.6387705630999048 0.436568420551979 0.8139877438479631
0 0.9671792611181708 0.06584097505664906 0.839816313456702 -0.0687885274054247 0.76159964715293 0.005206436510513867 0.8889625948143987 0.13983593897258761
0 0.8344330809123619 0.22567672987443527 0.65944599001523 0.10779310289549668 0.518215262399462 0.31743675574292596 0.693202353296594 0.43532038272186463
0 1 0.5013645109375002 0.6302823890625 0.5013645109375001 0.6302823890625001 0.9591395203124999 1 0.9591395203124999
0 0.6843796073847551 0.9227348177467093 0.6446290090277517 0.8241903279393841 0.5159168428174445 0.8761098785168885 0.555667441174448 0.9746543683242137
0 0.7559348744808981 0.9567696609966507 0.7487202855294124 0.9228276874331364 0.5079851295835407 0.973997522713082 0.5151997185350267 1.0079394962765964
1 0.6011077210279998 0.7501418034035957 0.4521554218553 0.6843436924999273 0.3324336459234492 0.9553671845299053 0.48138594509614896 1.0211652954335737
0 0.35503186781284957 0.7911473652896502 0.06556750541623649 0.6541232719742016 -0.023052264559085777 0.8413331603300114 0.26641209783752734 0.9783572536454599
0 0.1810259734375 1 0.1533565710492351 0.8650750242292917 0.07048759451851783 0.8820691725997809 0.0981569969067827 1.0169941483704892
0 0.41707423607924304 0.9980004401869011 0.397533378125 0.7823658531250001 0.2937499695093392 0.7917707304844175 0.3132908274635823 1.0074053175463187
0 0.23546575355692873 0.2075850307201347 0.11529374975102265 0.16716991769124578 0.07803143077239974 0.27796727052594256 0.1982034345783058 0.3183823835548315