0 0.8911944956362771 0.8522388972352246 0.827453236917379 0.6427436406232907 0.3686426470929923 0.7823418586542589 0.4323839058118903 0.9918371152661928
1 0.8555236837831254 0.37826976410370905 0.6924895048898024 0.24579535754944531 0.6499129563017456 0.29819364956460676 0.8129471351950686 0.43066805611887043
0 0.4527854484375002 0.8192554390625 0.20703192656250008 0.8192554390625 0.20703192656250008 1 0.4527854484375002 1
0 0.21976685939522037 0.43259813788031476 0.07505706495572699 0.3229001343052354 -0.11365969600199333 0.5718487276749207 0.03105009843750004 0.6815467312500001
1 0.27879541384505224 0.5607816081502842 0.038802665847345964 0.5215547680181885 0.004648411377293859 0.7305130567429042 0.24464115937500014 0.7697398968750001
0 0.3664830157142661 0.48710055838271205 0.12719292393666465 0.2503988775900363 0.016248884797945794 0.36255612640541235 0.25553897657554725 0.5992578071980881
0 0.4209307230523365 0.7723229143965724 0.1858864092454831 0.3270041507737372 -0.08621825659722546 0.47062409156925 0.14882605720962797 0.9159428551920852
0 0.5613714253638207 0.21273236723996813 0.10426627882439529 0.07228392402318426 -0.14695629471476124 0.8899158511665727 0.31014885182466423 1.0303642943833566
1 0.6438331687777383 0.09907671316913816 0.6177698266543494 -0.010787405122540705 0.5546371098833034 0.00418972864932714 0.5807004520066923 0.114053846941006
0 0.7677139877757979 0.7257385546027574 0.6644791213917949 0.6102180222095306 0.4931953671875 0.7632856640625 0.596430233571503 0.8788061964557269
0 0.6209178634202436 0.3710103138938524 0.3915264155589548 0.3706680560033481 0.3908843828125001 0.8009775546874998 0.620275830673789 0.8013198125780041
0 0.12876768013180503 0.22501039168833037 0.027753604122701524 0.16477916471280687 -0.09193721997858824 0.3655132126556321 0.00907685603051529 0.42574443963115566
0 0.8393777378729815 0.5540245544242228 0.6191293812499999 0.5062426265625 0.587900237420518 0.6501917704122632 0.8081485940434995 0.697973698273986
0 0.7725943677650607 0.21826153545523228 0.6299161135245586 0.042004626766799724 0.5094943672603873 0.13948485978243896 0.6521726215008896 0.31574176847087154
0 0.530225746875 5.4879555103981713e-17 0.334576025 4.289946482156728e-17 0.334576025 0.05793522812500005 0.530225746875 0.05793522812500006
0 0.5014341543727949 0.25702065429347937 0.41669604450230907 0.0660076434324958 0.3375794830146806 0.1011057126671246 0.42231759288516646 0.2921187235281082
2 0.5583025669274989 0.41266597019101886 0.4792003864196057 0.3344817171144219 0.4586958457939566 0.35522699266514557 0.5377980263018498 0.4334112457417426
0 1 0.43348255781250017 0.7784563953125 0.43348255781250017 0.7784563953125001 0.7683587171875002 1 0.7683587171875002
0 0.5226318646262287 0.19231290656971156 0.46167127869313235 0.18426832746715657 0.4475322235663296 0.2914119174651087 0.5084928094994259 0.2994564965676637
0 0.5674716604171881 0.1999176680424216 0.5103131807964734 0.19866251096707904 0.5080907444022825 0.29986983221890073 0.5652492240229973 0.30112498929424325
0 0.5430731760894748 0.19262499801681254 0.5036539677090801 0.037767777298794616 0.423143234445314 0.05826194190195354 0.4625624428257086 0.21311916261997146
0 0.16038544687500003 0.17967864843750006 0.09714156918603446 0.13882292676940527 0.07502553683749799 0.1730581229110593 0.13826941452646357 0.21391384457915405
0 0.28715444954014374 0.15037921390253167 0.23408682492134317 0.06975395241436587 0.1546710328125 0.12202550312500002 0.20773865743130057 0.2026507646131658
0 0.7308545451433865 0.3888963289789621 0.5424695422136375 0.22618868593212751 0.43254582821947885 0.353459776552485 0.6209308311492279 0.5161674195993197
0 0.7961383531085336 0.4764019162976537 0.7371300624151568 0.4245863176219066 0.718520963802505 0.44577860582354906 0.7775292544958818 0.4975942044992962
0 0.7676065201893216 0.06379463185974758 0.7191328269747043 -0.02016428086876787 0.6829450427205687 0.0007287428144218567 0.731418735935186 0.0846876555429373
0 0.8071009572331993 0.25655489478948634 0.7624038656249998 0.21237648281249996 0.7321417823807699 0.24299386009004725 0.7768388739889693 0.2871722720670336
0 0.8233382859375 0.30120357343750004 0.8051971704551008 0.2697822410020134 0.7855523734375 0.28112417031250003 0.8036934889198992 0.31254550274798665
0 0.6517991718750002 0.9051575812499999 0.45314445937500014 0.9051575812499999 0.45314445937500014 1 0.6517991718750002 1
0 0.8765286086709578 0.8228190047881341 0.8388230953124998 0.7915178406249999 0.7785842402931514 0.864081817504345 0.8162897536516095 0.8953829816674791
0 0.9313111560029373 0.8082891296090512 0.8598727051596123 0.8057741630858791 0.8579671491035938 0.8599021092763428 0.9294055999469188 0.8624170757995149
0 0.716785325 8.170747490920917e-17 0.6175990046875001 7.563406442471381e-17 0.6175990046875001 0.11417750781250009 0.716785325 0.11417750781250009