0 1.1242743719656956 0.6536268470691329 0.9091483887449348 0.5180256652806509 0.6460019844401325 0.9354971667118193 0.8611279676608932 1.0710983485003012
0 0.7222656479472661 0.9949241558120964 0.7163800140270811 0.6577364170757536 0.189038586272798 0.6669411960108984 0.194924220192983 1.0041289347472413
0 0.17551911093750008 0.5518564031250001 6.758291776760027e-17 0.5518564031250001 9.300912550325223e-17 0.9670978874999999 0.1755191109375001 0.9670978874999999
1 1.0144763745563652 0.014495699132411421 0.5762794525621894 -0.017279951619429662 0.5615073259044705 0.18643264842371676 0.9997042478986463 0.21820829917555784
0 1.0006145985929846 0.008662096625921326 0.9145318922268111 0.007159514935369739 0.9139172936338262 0.042369787059448535 0.9999999999999998 0.043872368750000126
0 1.0674395871374756 0.39441758252862463 0.6226799140445002 0.09834180191849669 0.4971208480335084 0.28695435589988005 0.9418805211264838 0.583030136510008
0 0.8742208092291852 0.4645772071847164 0.39820218856528167 0.22739544487601532 0.2836544108673709 0.457290334808177 0.7596730315312744 0.6944720971168781
0 0.1680712328125 1.0821138417025434e-17 0.006450662500000008 9.247327115467906e-19 0.006450662500000019 0.171662478125 0.1680712328125 0.171662478125
0 0.0874662385731205 0.351417506638352 0.08418101870580276 0.16320738687570904 -0.0007937573673177416 0.16469062711235705 0.0024914624999999996 0.35290074687499995
0 0.3557341820454712 0.2989578910408028 0.11460708528245811 0.17309366952725896 -0.08859075991435983 0.5623743236449705 0.15253633684865325 0.6882385451585143
0 0.43004662031249996 0.6101519500000001 0.3454127869701876 0.4644525045028137 0.21629911303543317 0.5394520017536024 0.3009329463777455 0.6851514472507888
0 0.42167668077271436 0.19250638082459332 0.2364871506510092 -0.029947431475415676 0.10302392094129822 0.08115874622017595 0.2882134510630034 0.3036125585201849
0 0.5368523060034873 0.06864687690261576 0.2050485230967106 -0.042484070579872524 0.16505743882259308 0.07691735040402421 0.4968612217293698 0.1880482978865125
0 0.36986478093237296 0.35573016525791606 0.26513346883973016 0.34984296586805286 0.25604934218750003 0.511446546875 0.36078065428014283 0.5173337462648633
1 0.4274158124999999 0.668494684375 0.3043234419126851 0.5241643106095025 0.0866725653501852 0.7097881793595023 0.20976493593749995 0.854118553125
0 0.9318831354005518 0.6382478126821483 0.8576137859667522 0.5186806258451842 0.6224485712589148 0.6647538752695942 0.6967179206927143 0.7843210621065582