1 0.7427524668050244 0.34837226546413136 0.27478343819877277 -0.01139118846125966 0.12120954589976685 0.18837291879948254 0.5891785745060184 0.5481363727248736
0 0.49551503281250014 0.9050226625000001 0.2945229437500001 0.9050226625000001 0.2945229437500001 1 0.49551503281250014 1
0 0.8303499724889157 0.2012587533248705 0.6301135298231716 0.020965050393936435 0.5069758050811771 0.15772334843463906 0.7072122477469213 0.33801705136557314
1 0.9472905515625 0.5085138828125 0.8382450429449004 0.13627798293701177 0.6835521533187255 0.18159485010230908 0.792597661936325 0.5538307499777974
0 0.3590728561538893 0.39986350091558936 0.14430535699504762 0.19387672647578408 -0.031041970170340005 0.37669869182726556 0.18372552898850164 0.5826854662670709
0 0.36487441439376295 0.5268051756730502 0.010635521280139126 0.4604012798545732 -0.020139068173190732 0.6245717154834479 0.3340998249404331 0.690975611301925
0 0.2722011584836027 0.8289814171910542 0.11892251891045658 0.6587482433350873 0.023996015625000044 0.7442204515625002 0.17727465519814617 0.914453625418467
1 0.7576945491777438 0.6170095996569476 0.6976496048085545 0.4754264480755282 0.5656242281767302 0.531417971831237 0.6256691725459194 0.6730011234126564
1 0.5942761372882039 0.5504041355135156 0.3813634995335037 0.3665270967502473 0.3046887365180896 0.4553093947066872 0.5176013742727898 0.6391864334699556
0 0.6465700854499656 0.6662649268120246 0.4185639995111212 0.5273448120274624 0.33960392218992147 0.6569399984650419 0.5676100081287658 0.795860113249604
0 0.49201495624999997 5.2733564611953147e-17 0.35193591875 4.41561973668523e-17 0.35193591875 0.07476644375000005 0.49201495624999997 0.07476644375000006
0 0.9821876573467602 0.6501441073676738 0.8366985844723127 0.5200883775409084 0.7795644466868523 0.5840024607340111 0.9250535195612999 0.7140581905607765
1 0.49905734359708553 0.7908580538854023 0.30635235814212686 0.6131847687909019 0.13836310686361908 0.7953864217124208 0.33106809231857776 0.9730597068069212