0 1.0130489132413107 0.7167374935003832 0.9867884361589063 0.464275102179187 0.3987359158831042 0.5254427860117701 0.42499639296550845 0.7779051773329662
0 0.33383742533659827 0.001629750222104573 0.08153514924337375 -0.008007469384501337 0.07572894588207929 0.14399885435959886 0.3280312219753038 0.15363607396620477
0 0.7238437500000001 0.7590288468749999 0.4543990390625002 0.7590288468749999 0.4543990390625002 0.9430552890625 0.7238437500000001 0.9430552890625
0 0.5693499495759291 0.8435893249158657 0.20959030110333435 0.6848731239052611 0.14443416706866455 0.8325615623059504 0.5041938155412593 0.9912777633165548
1 0.9761751501726061 0.23535039748031142 0.6787595384442717 0.227534625500927 0.6720987091783631 0.4810009006127835 0.9695143209066976 0.4888166725921678
0 0.8956829462728617 0.1986131752290182 0.8087014603497543 0.05601854647925131 0.49550023059713943 0.2470685782769711 0.5824817165202468 0.38966320702673796
0 1 0.03817788437500012 0.908002403125 0.038177884375000117 0.908002403125 0.2092764421875001 1 0.2092764421875001
0 0.69032451875 7.155749603803628e-17 0.458653846875 5.737175869963452e-17 0.458653846875 0.12160576875000007 0.69032451875 0.12160576875000009
0 0.42935039296998145 0.5193401291533185 0.2870123403090263 0.4568292311574746 0.2302807841312195 0.5860076542751761 0.37261883679217467 0.64851855227102
0 0.6774749053058983 0.5198063848976331 0.6750484064592946 0.40252284925547166 0.39378572765559894 0.40834194024699927 0.39621222650220256 0.5256254758891608
1 0.5389859889321225 0.4379956390918581 0.5210856012458922 0.28890013699192935 0.25194986401645186 0.32121254057736714 0.2698502517026822 0.4703080426772959
2 0.9458333489923871 0.8274640567855032 0.9221612332970889 0.7445784921782126 0.7918337675363294 0.7818000139520098 0.8155058832316276 0.8646855785593004
1 0.9797474311040801 0.9742011767137866 0.9611124471273618 0.8965139775521005 0.7669552267638131 0.9430868586635528 0.7855902107405315 1.020774057825239
1 0.23619230781250006 0.625 0.040954326562500074 0.625 0.04095432656250008 0.71063701875 0.23619230781250006 0.71063701875
1 0.5709730581358137 0.28156385384810523 0.568048160819218 0.033648551384375745 0.30457143332671605 0.03675704192759661 0.3074963306433118 0.28467234439132605