1 0.7646702029630943 0.6152745893016311 0.7477764421875001 0.536459134375 0.5505164067170848 0.5787409920756833 0.5674101674926791 0.6575564470023144
1 0.4420649985769748 0.6866568840741409 0.21529175776457468 0.6588039159638012 0.19922322424976932 0.7896306704346239 0.4259964650621694 0.8174836385449635
1 0.5590790595336121 0.8665301607871927 0.5359265819445646 0.7636690464508817 0.24726981218535257 0.828641309641869 0.27042228977440014 0.93150242397818
0 0.33232334538679453 0.9537205232871054 0.2685108031814017 0.8397653989913063 0.065719549086834 0.9533243595098655 0.12953209129222681 1.0672794838056645
0 0.6214222682943012 0.9934217483151142 0.6203311307166655 0.8828827633270826 0.3014010122538201 0.8860309434640028 0.30249214983145584 0.9965699284520344
0 0.6431102935224405 0.0898517036966536 0.5330323638485301 -0.07073448928230004 0.22432820700214368 0.14087470224909113 0.3344061366760541 0.30146089522804476
0 0.8457113195128398 0.14351757468505863 0.806963091013321 0.02687900480185763 0.578642259412178 0.10272893817244388 0.6173904879116968 0.2193675080556449
0 0.9908385717549184 0.1463121897060271 0.8516767571413144 0.12021895162973459 0.8339433509880761 0.21479567577371322 0.97310516560168 0.24088891385000574
1 0.8593017099715533 0.22947973767183946 0.8284180990573662 0.13717839243891133 0.6576054436118502 0.1943315311790441 0.6884890545260375 0.2866328764119722
0 0.7712728280817011 0.36132163902778835 0.5943943747725184 0.21463734756904537 0.42020004930343946 0.4246886254379721 0.5970785026126222 0.571372916896715
2 1.0051432176073134 0.5362707927414818 0.9995215327097944 0.2891315833732231 0.8147427308854247 0.2933347537331713 0.8203644157829437 0.5404739631014299
1 0.2767273754520483 0.3831992723967925 0.2151533027724172 0.3041424895323046 0.025449885353824798 0.4518946695284097 0.08702395803345589 0.5309514523928975
0 0.28410781445409405 0.42180141405879484 0.2763509601052294 0.3931586291911772 0.2087695878386353 0.41146058075738245 0.21652644218750003 0.4401033656250001
0 0.3813319856468123 0.5452149664127648 0.35393152214884194 0.40637929849756543 0.019765742105183105 0.4723299104393737 0.04716620560315349 0.6111655783545731