0 0.9979374999999999 0.0030192312500001107 0.7825576921875 0.0030192312500000977 0.7825576921875 0.10265625000000009 0.9979374999999999 0.10265625000000012
0 0.7444447109375 0.003646634375000066 0.425 0.0015625000000000521 0.4242300973324028 0.11956896736159475 0.7436748082699027 0.12165310173659476
0 0.10555528906250009 0.790103365625 9.675975577082073e-17 0.790103365625 1.0103336092965665e-16 0.859896634375 0.10555528906250009 0.859896634375
0 1.005774445502521 0.844932645259159 0.8360787616870015 0.8318733387816893 0.8280052883977579 0.9367819396287684 0.9977009722132774 0.9498412461062383
0 0.18486674937836417 0.9683069958533643 0.1701873236021278 0.8438028809743228 -0.0146794257762364 0.8655992507459584 -2.2204460492503132e-17 0.990103365625
0 0.590278846875 0.9734375 0.5762523372310836 0.8917351688301501 0.46097349035608354 0.9115260344551501 0.4749999999999999 0.993228365625
0 0.8567657071729279 0.99583291363307 0.853670281560615 0.9030075522828218 0.7017748939036219 0.908072772245409 0.7048703195159349 1.0008981335956573
0 0.5180528843750001 0.17083413437499997 0.47987432199795094 0.008575244272540949 0.3651479032274591 0.03556969574795081 0.40332646560450824 0.19782858585040983
1 0.8357675476130044 0.11781420123155142 0.7368944800939066 0.027839572931177246 0.6523571931645774 0.12073754913109828 0.7512302606836752 0.21071217743147247
0 1.0772097439602366 0.22707095348165768 0.9120103276714795 0.11185474338403259 0.7402987556822496 0.35805839336184403 0.9054981719710067 0.47327460345946915
1 0.810518618974933 0.445368634811078 0.6750551558874388 0.22320780532502046 0.5544586439698236 0.2967420155565216 0.6899221070573178 0.5189028450425791
0 0.2511165426582938 0.3142048637869042 0.05455343366051195 0.27427014782781395 0.008916946507004354 0.498898008154159 0.2054800555047862 0.5388327241132493
2 0.5569941010722876 0.5110033243818632 0.5279927420738615 0.3258555168902872 0.35774964327444536 0.3525222179016456 0.3867510022728716 0.5376700253932217
2 0.28490524764704594 0.6721242111677179 0.13431321736588014 0.5717741452894322 0.07184206424062704 0.665522541972579 0.22243409452179286 0.7658726078508649
0 0.136091346875 0.04927884687500001 6.044485762232468e-18 0.049278846875 1.5538442296043435e-17 0.20432692343749997 0.13609134687500002 0.20432692343749997