0 0.07754771875000008 0.495702428125 6.184698329722147e-17 0.495702428125 7.401365378164021e-17 0.6943992359375 0.07754771875000008 0.6943992359375
0 0.0678730094109899 0.37190413791242743 0.025334915625000055 0.3548803203125 -0.030827956670493338 0.495216735160275 0.01171013711549651 0.5122405527602024
0 1.0339123743592555 0.39652810326469545 0.8589721933961052 0.3501082409167708 0.783365573656433 0.6350430742028864 0.9583057546195833 0.6814629365508111
0 0.871707064012593 0.9088536218938428 0.8705521754959624 0.6888433344459003 0.6957798411654084 0.6897607577368037 0.6969347296820391 0.9097710451847462
1 0.8540798579663086 0.6817085055409204 0.8483417780349164 0.5765622611420691 0.7150842486732747 0.5838344405652014 0.7208223286046669 0.6889806849640527
0 0.7439246714781754 0.8518576325517163 0.5628825606316213 0.5592786692079699 0.39159217401878293 0.6652697931278277 0.5726342848653371 0.9578487564715743
0 0.7032153708126001 0.5432211408018099 0.6666934892657314 0.3958208140005908 0.4239793436238923 0.45595892542306427 0.4605012251707611 0.6033592522242834
1 0.8873134504360726 0.9264097492514205 0.8055096731892307 0.9042327393114296 0.7810885411808728 0.994314353033619 0.8628923184277146 1.01649136297361
0 0.7652803499999999 0.0669734000000001 0.6074486 0.01048959531250009 0.5914216385968769 0.055273465298460486 0.7492533885968768 0.1117572699859605
2 0.6803521053672649 0.24845060487474652 0.5146423336089864 0.1840592167346879 0.4563845147620132 0.3339843875241225 0.6220942865202916 0.3983757756641812
1 0.47228393555387554 0.8329986988342896 0.3550379320478676 0.7408666502739973 0.29557201806400457 0.8165421710986248 0.41281802157001246 0.9086742196589169