2 0.3145544099094019 0.7116300416650028 0.2461466869556212 0.5544292609229778 0.10903999330658407 0.6140928113836077 0.1774477162603648 0.7712935921256328
1 0.7949380627784977 0.567751231902537 0.7694960860649924 0.42624562423569634 0.6721123196168304 0.4437547219958423 0.6975542963303356 0.5852603296626829
1 0.8620470266162282 0.5527083379900379 0.8267425898726616 0.5063692740766127 0.6871445924315519 0.612725083926289 0.7224490291751186 0.6590641478397142
0 1 0.7573575281250002 0.952963221875 0.7573575281250002 0.952963221875 0.8636351937500001 1 0.8636351937500001
0 0.7804895937499999 0.928581825 0.761335898896608 0.874108672861692 0.656965773896608 0.9108069994241921 0.6761194687499998 0.9652801515625
1 0.6440810497323866 0.003759950613825447 0.5414912840644763 -0.004929980594021633 0.5319827351762714 0.10732404984087415 0.6345725008441816 0.11601398104872125
0 0.36419347741206065 0.23262727138061337 0.23109763053188076 0.08323722818998303 0.010267907232456075 0.27998072200735513 0.14336375411263597 0.42937076519798545
0 0.8727294796875 0.07944640781249998 0.8404200255972976 -0.032838098960737416 0.6986717761146709 0.00794943879168437 0.7309812302048732 0.12023394556492177
0 0.6173576946772191 0.21863607665698326 0.5261827861248352 0.07987054708808383 0.3434534008062347 0.19993159573622518 0.43462830935861874 0.33869712530512464
0 0.19590446398088793 0.3917141302169401 0.0404182306164901 0.3221906831630995 0.0043966306039507465 0.4027514600384355 0.15988286396834855 0.47227490709227615
1 0.4252787722950462 0.3365451137077266 0.3861573156614002 0.218442995275793 0.29302619633558946 0.24929278098939517 0.3321476529692355 0.3673948994213288
0 0.7015185335965793 0.2889768592691275 0.5106478223381703 0.22959960168992613 0.41622657875657676 0.533120691330736 0.6070972900149859 0.5924979489099373
0 0.1788960621904675 0.1489485161653809 0.11991995077019128 0.08080492019686028 0.019968343956273525 0.16730985167738227 0.07894445537654973 0.23545344764590287
0 0.505539421875 0.5761343703125 0.33559882373515143 0.42485439966911437 0.22781821378371986 0.5459299210691103 0.39775881192356843 0.697209891712496