0 0.6533266061213123 0.23552130860425233 0.45180276308438494 0.17893918948282805 0.40672009863964026 0.3395063780985893 0.6082439416765677 0.39608849722001366
2 0.6447674321755631 0.06208506625903395 0.4766438676883772 0.061658321759553304 0.4763370264429002 0.18254387267830846 0.6444605909300861 0.18297061717778912
0 0.1241802691639317 0.47920683766321126 0.12156113349033977 0.31735943389066523 -0.00031227713367874485 0.31933168052537975 0.002306858539913181 0.4811790842979257
0 1 0.7003853109375002 0.9424854671875 0.7003853109375002 0.9424854671875 0.8372270890625 1 0.8372270890625
0 0.99486015 0.3590331796875 0.986114375 0.19812980937499997 0.9308282437099911 0.20113484316604988 0.939574018709991 0.36203821347854986
1 0.24493207714101098 0.660214592715701 0.17941116176502922 0.5849347482977076 0.09384207387069554 0.6594110574621368 0.1593629892466773 0.73469090188013
0 0.3406420352799472 0.14009755002841467 0.1641104590106006 0.07269421005136667 0.06278756365022717 0.3380622235093275 0.23931913991957382 0.4054655634863756
0 0.29612980886607126 0.9977741436022051 0.27753847914735086 0.7554012206221233 0.1415691325070682 0.765830813680405 0.16016046222578867 1.0082037366604868
0 0.3516067071518961 0.41118392864750347 0.1974496973058178 0.39550920930724126 0.17540158236575726 0.6123469974756081 0.3295585922118356 0.6280217168158704
1 0.3641228175465597 0.33348400479599366 0.24583899433332856 0.3156821093770509 0.232543647099269 0.4040223936435573 0.35082747031250017 0.4218242890625
0 0.6501461317236472 0.45632093287283915 0.5101893964478517 0.3263807873804586 0.27768055728092716 0.5768128453811626 0.4176372925567226 0.7067529908735433