0 0.3942040278206961 0.6033604713283448 0.3253844792379178 0.40155274453518885 0.17267205183032383 0.4536300385227614 0.24149160041310216 0.6554377653159174
2 0.1830303964939468 0.6358065209426812 0.18052826768205374 0.4680600784411282 0.0580372213123839 0.46988717159285115 0.06053935012427697 0.6376336140944041
0 0.4889160273316809 0.001417496480270616 0.32793600781250004 0.0012127375000000403 0.3277820761856105 0.12223266184495532 0.4887620957047913 0.1224374208252259
0 0.8246661421875 0.9471204999999999 0.6941775843750002 0.9471204999999999 0.6941775843750002 1 0.8246661421875 1
0 0.356196488949346 0.9414525061371751 0.19622199297070533 0.9232816912508444 0.1896919187500001 0.9807719765625003 0.3496664147286408 0.9989427914488308
1 0.7401674931661327 0.16606272700966226 0.6688659123360641 0.09618463852775458 0.5901554077649527 0.1764985613292585 0.6614569885950214 0.2463766498111662
0 0.4122092055224285 0.23079753726784952 0.3405896617858316 0.052619196425660465 0.07668203711384206 0.15869799129084192 0.14830158085043896 0.336876332133031
0 1.0072728342122024 0.1654313933129328 0.7696072313587853 0.14993963889217102 0.7606844014431597 0.2868285730605051 0.9983500042965769 0.30232032748126686
0 0.6309768319248761 0.33181883780335875 0.6179949081766597 0.1774117452318501 0.4008053534095679 0.1956721644388867 0.4137872771577843 0.35007925701039533
1 0.424439615625 0.34948583437499997 0.4060763886182328 0.23041867677306774 0.3181628998302615 0.24397720444841217 0.33652612683702865 0.3630443620503444
0 0.7081589275913996 0.42125817273419697 0.5806811540223402 0.2790549868162647 0.32622940237924375 0.5071577720726307 0.45370717594830323 0.6493609579905629