0 0.39975848687005006 0.6087557525135509 0.32047145113486486 0.41082633271372887 0.17069382592632817 0.4708246085347299 0.2499808616615134 0.6687540283345519
2 0.19273156539450528 0.6488649389322396 0.1765420672821993 0.48239032650762115 0.05311776842393826 0.49439322247041134 0.06930726653624428 0.6608678348950299
0 0.4658024823782384 0.00473996487243066 0.30280851078339915 -0.003594311435455466 0.2965106267229147 0.11957380751578103 0.4595045983177539 0.12790808382366717
0 0.858334134375 0.993228365625 0.8569798866321859 0.9312340295627578 0.713924599132186 0.9343590295627578 0.7152788468750002 0.996353365625
0 0.37949740414008526 0.9483736027258576 0.21879116130698706 0.9386001124839407 0.21527884687500004 0.996353365625 0.37598508970809824 1.006126855866917
1 0.7223614256057346 0.15395098118528422 0.647500424474907 0.08790029466025481 0.573101095840975 0.17222353970157678 0.6479620969718026 0.23827422622660616
0 0.3913516782180083 0.2563446787341359 0.3276750319900423 0.07033786886246891 0.06062440138280685 0.16175865362763145 0.12430104761077292 0.34776546349929843
0 0.9999845401064456 0.13948029375044452 0.7509170028730252 0.1363092288852119 0.7491706105722112 0.2734775454895584 0.9982381478056315 0.27664861035479105
0 0.6219954102847626 0.32519452611039285 0.6009502355675624 0.17167846507055348 0.385014008616231 0.20128068123726725 0.40605918333343116 0.3547967422771066
1 0.416665865625 0.35364663437499994 0.39209631270764594 0.23570371056085954 0.3050129040363083 0.25384469221861183 0.3295824569536624 0.37178761603275223
0 0.7037526251196017 0.41047188930455913 0.5690072156910351 0.27513525846403086 0.3268421572348383 0.5162424128856802 0.46158756666340495 0.6515790437262086