0 1 0.2729607140625001 0.620150603125 0.2729607140625001 0.620150603125 0.6568892859375001 1 0.6568892859375002
0 0.8493843838407443 0.445433230321309 0.8414037105445995 0.27492245819987376 0.3606753873020382 0.2974227122557878 0.3686560605981829 0.46793348437722304
1 0.9194579772030821 0.3157774822985721 0.9180605596094699 0.21603837755152377 0.3225021434593197 0.2243825852809064 0.3238995610529319 0.32412169002795477
1 0.5125 0.5114785718750001 0.32574433552531046 0.29466662980456526 -0.12992916509128624 0.6871708737060124 0.0568264993834033 0.9039828157764473
1 0.8824096390625 0.6670928578125002 0.0974216875000001 0.6670928578125002 0.09742168750000013 1 0.8824096390625 1
0 1 0.6836750000000003 0.8350963859375 0.6836750000000003 0.8350963859375 0.9145392859375001 1 0.9145392859375001
0 1 0.9132642859375 0.8480000000000001 0.9132642859375 0.8480000000000001 1 1 1
1 0.7942349390625 0.6683678578125001 0.7160145714857811 0.45427577415966097 0.13145565087849292 0.667849358292256 0.20967601845521192 0.881941441945095
0 0.24139660300157745 0.34967977676018547 0.0016464935711797968 0.3403433208888985 -0.0046684958962849386 0.5025054343020458 0.23508161353411272 0.5118418901733327
0 1.023015142314677 0.09203532667554264 0.6608840178054387 0.0420962212480382 0.6345061875158009 0.23337384352677834 0.9966373120250391 0.28331294895428283
0 1.0088158269318819 0.21563683373993445 0.9991547784708402 -0.02067428226133542 0.3924359330669277 0.004130053086321364 0.4020969815279695 0.24044116908759122
1 0.33083526515789796 0.16559771016329855 0.28355487954472086 0.09679830526384259 -0.01210836436340188 0.2999842514802091 0.03517202124977521 0.36878365637966504
0 0.3813072296875 0.23341785781250005 0.15978915625000006 0.2334178578125 0.15978915625000006 0.3456642859375 0.3813072296875 0.34566428593750004