0 1.105622071735822 0.48815472141255334 0.5982504788110139 0.3214573019479513 0.49075724783672314 0.6486310038758416 0.9981288407615313 0.8153284233404436
0 0.198184920526537 0.1383313226220848 0.12461745091457624 0.05267585115783731 -0.07356746961196078 0.22289221759825245 0 0.30854768906249996
0 0.9029114000224393 0.880461939767506 0.8065863926820143 0.6256443861890417 0.34190122777100784 0.8013026220226905 0.4382262351114329 1.0561201756011547
0 0.5075313439069322 0.040070613787914725 0.37862533789215835 -0.0765302926230836 0.14393692408029746 0.1829252040245474 0.27284293009507143 0.29952611043554567
0 0.8681136779138102 0.12406589117820621 0.8671297778127449 -0.002782272570455197 0.48458463395636925 0.00018494583128791584 0.48556853405743466 0.12703310957994934
1 0.2385244609375 0.13381277812500006 2.6264501144769225e-17 0.13381277812500003 5.049378569291826e-17 0.5295070234375 0.23852446093750004 0.5295070234375
1 0.7376304791081092 0.3011604491982708 0.7325531632840591 0.09846029171532464 0.28662251855099374 0.10963014351537852 0.29169983437504393 0.31233030099832465
1 0.46646549812705695 0.3406070086399994 0.42565858050295374 0.2683480180665072 0.16962597827743542 0.41293765632716467 0.21043289590153852 0.4851966469006569
0 0.7011310431832498 0.42549997529168165 0.5835228096570388 0.1889407522780553 0.08749728002888682 0.4355457486096076 0.20510551355509782 0.672104971623234
0 0.98815978258847 0.3150677708230868 0.881531128297599 0.14670381246151543 0.6604554453078072 0.2867159789788429 0.7670840995986783 0.4550799373404143
0 1.0001820972926687 0.4078061110515344 0.944028040625 0.26539562499999997 0.8692583683057432 0.2948781479015733 0.9254124249734119 0.4372886339531078