0 0.5184715586141808 0.5392142187934839 0.2639411971477906 0.34313185937056456 -0.10988375816196086 0.8283861233450448 0.14464660330442944 1.0244684827679642
0 0.925 0.003125000000000111 0.6695026543986393 -0.026712504431548136 0.6528367887736393 0.11599662994345188 0.908334134375 0.14583413437500012
0 0.7562500000000002 0.7260408656250001 0.2597211531250001 0.726040865625 0.2597211531250001 0.999478365625 0.7562500000000002 0.999478365625
0 0.9986105765625 0.870834134375 0.7458341343750001 0.870834134375 0.7458341343750001 0.999478365625 0.9986105765625 0.999478365625
0 0.719713110248904 0.07962607172519216 0.41043625147991136 -0.08376573031667481 0.32800698014855634 0.0722608621401861 0.637283838917549 0.23565266418205305
0 0.3651167213637065 0.0038682636681740385 0.018234005965442213 -0.000013548467665963323 0.015278846875000035 0.2640625 0.3621615622732643 0.26794431213584
1 1.047203460218761 0.18645172119673892 0.6473922770956503 0.036523523384851854 0.5641735359486717 0.25844164046737095 0.9639847190717823 0.4083698382792581
1 0.6286688717927352 0.2495871896977256 0.5607677144549383 0.05853074280590653 0.14045267622670124 0.20791003885414522 0.20835383356449805 0.39896648574596427
1 0.7772071084595098 0.3001970875921295 0.4863676086845749 0.25711805398971577 0.47419934738872627 0.3392696421863698 0.7650388471636611 0.3823486757887834
0 0.8603424324688913 0.28992622621646513 0.3081601247650542 0.24336344850338096 0.28603222273808454 0.5057755425839092 0.8382145304419216 0.5523383202969934
0 0.27260125097223864 0.3566413786720414 0.016654730643195302 0.3093240603500587 -0.019584644452566257 0.5053483128561445 0.23636187587647708 0.5526656311781271
0 0.0824920012256287 0.44193687375306656 0.0013894234375000536 0.440103365625 -0.0020712566653250165 0.5931815401598328 0.07903132112280363 0.5950150482878993