0 0.9170766036145614 0.1427970535166701 0.5691191485282524 -0.019458170172315815 0.408587858652455 0.3248022968680235 0.756545313738764 0.4870575205570094
1 0.8386690260273744 0.27862401383927116 0.6827491654183044 0.20564716191811225 0.47859235189780913 0.6418416683747288 0.6345122125068792 0.7148185202958878
1 0.9251081579230813 0.23451580384304482 0.8263202781106512 0.1906940262779163 0.5847719116976592 0.7352189706307881 0.6835597915100893 0.7790407481959166
0 0.6134553748445791 0.7381066521888853 0.49227438073889757 0.4782331675078503 -0.04241996101397927 0.7275652298220365 0.07876103309170217 0.9874387145030716
1 0.5100901547005001 0.08820844955449894 0.21340716489174621 -0.05939742531312246 -0.0840703623741373 0.5385226931734168 0.21261262743461665 0.6861285680410382
0 0.5097020718749999 5.1621686064661684e-17 0.3333440390625 4.082287104527409e-17 0.3333440390625 0.09624261875000004 0.5097020718749999 0.09624261875000005
0 0.6326630990563566 0.32269054225572974 0.4708144350722689 0.16123803337660264 0.031185798628079863 0.601945384111597 0.1930344626121677 0.7633978929907241
0 0.5269458709482711 0.7979023436649945 0.37730825347512986 0.7350929972528852 0.2845788310745397 0.9560125041466823 0.43421644854768093 1.0188218505587914
0 1 0.14872729375000013 0.8261129 0.1487272937500001 0.8261129 0.5109651375000002 1 0.5109651375000002
0 1 0.43165789687500017 0.7011138171875 0.4316578968750001 0.7011138171875 0.7229160890625 1 0.7229160890625002
1 0.7525881654764222 0.8254938454159833 0.7115727051249906 0.771645182789179 0.4458110616271675 0.9740705657064952 0.48682652197859905 1.0279192283332994
0 0.690794422258275 0.7207629007577367 0.5908005462760231 0.6709588793458998 0.49141418389706215 0.8705015530563205 0.5914080598793141 0.9203055744681574