1 0.6457784262772648 0.3131450564903965 0.43362531692902884 0.19491041028058906 0.3826001718712403 0.2864668493276125 0.5947532812194762 0.40470149553742
0 0.6405381876065407 0.28095259844464765 0.5192186719537817 0.15600219999808504 0.46666881417331085 0.20702503284062784 0.58798832982607 0.3319754312871904
2 0.7465339251116498 0.30166789953884593 0.6495860776423124 0.26299214731934767 0.5725477196737834 0.45610288334934646 0.6694955671431209 0.4947786355688448
0 0.6847301734375001 8.881784197001253e-17 0.5989180466970949 -0.038495097255969446 0.5258213581477269 0.1244498684468925 0.611633484888132 0.16294496570286204
0 0.1671136625000001 0.8495174984375 0.027578951562500103 0.8495174984375 0.027578951562500113 1 0.1671136625000001 1
0 0.7948639687813314 0.5465108652592562 0.7018514064322763 0.5056819539913844 0.6403376329634449 0.6458168121696283 0.7333501953125 0.6866457234375002
0 0.8633793963650038 0.19391507575178654 0.6987118376607308 0.057024153646069296 0.6016936393466301 0.17372838516503258 0.7663611980509031 0.3106193072707498
1 0.837214121875 9.676148864604152e-17 0.7417200640625 9.091416403415799e-17 0.7417200640625 0.15377213281250007 0.837214121875 0.15377213281250007
0 0.9553847201346173 0.033054139113967 0.8455792779554356 0.014510920113810877 0.8217089835949937 0.15586114777242213 0.9315144257741753 0.17440436677257826
0 0.17410293198670984 0.6033915930681135 0.11713238647666546 0.385011167052015 0.004318505386779958 0.41444177337532284 0.06128905089682435 0.6328221993914214
0 1.0040160238465248 0.5622461088488608 0.9938049609375001 0.40142435781249997 0.8658658009200024 0.40954760484250563 0.876076863829027 0.5703693558788665
0 0.9814266578125 0.29160444375 0.9762963890625 0.16596154218749998 0.9109659510057495 0.16862912388625304 0.9160962197557495 0.2942720254487531
0 1 0.7800237890625001 0.97589853125 0.7800237890625001 0.97589853125 0.880115421875 1 0.880115421875
0 0.1298023634052498 0.09310713826324965 0.1236575852640226 0.0317276349117863 0.0205338046875 0.04205148437499999 0.02667858282872722 0.10343098772646335
0 0.33693274531249995 0.9903483078124999 0.32868549495191685 0.923764114136168 0.14091446581207467 0.9470218064243469 0.14916171617265778 1.0136060001006788
1 0.2823952087173719 0.5897518937159351 0.2695858091067377 0.3808757085408232 0.15305745660376688 0.388021847445687 0.16586685621440117 0.596898032620799
0 0.36676333333784294 0.6865213041508867 0.22882865938061953 0.6846827937817024 0.22599824395913043 0.8970353781730512 0.36393291791635385 0.8988738885422357
0 0.41421033526425566 0.01730812608077581 0.22155436236206172 0.006789887175090686 0.20006234552514462 0.4004456550725689 0.39271831842733856 0.410963893978254
0 0.6436090403275996 0.8055391179493941 0.41069209433242976 0.6129975871157785 0.31200155462365003 0.7323832542394492 0.5449185006188199 0.9249247850730647
0 0.567936611305055 0.1474740028812508 0.5255990972128156 0.04560700408697349 0.3827797750789997 0.10496494272317287 0.42511728917123903 0.20683194151745016
0 0.5755139790112378 0.08365604243388723 0.5748116906249999 0.0019021937500000002 0.37882437385164763 0.0035857795216259697 0.37952666223788556 0.0853396282055132
0 0.27429511987503774 0.09772338152271234 0.2595520450456544 0.020749737948532937 0.14492828347222783 0.04270409291516346 0.15967135830161128 0.11967773648934285
0 0.20054441363201025 0.31001989494424065 0.10933050295987701 0.27213930381705814 0.06424727992009446 0.380696666751443 0.15546119059222774 0.41857725787862543