0 0.20037664168407482 0.7364985293656119 0.1067931407005251 0.6723832850833688 0.02793132087388317 0.7874910925311994 0.1215148218574329 0.8516063368134426
0 0.2869854906725645 0.378430311198996 0.18232741994047624 0.3097024056961327 0.06795880879081721 0.48386162250411535 0.17261687952290544 0.5525895280069786
0 0.11727413850796893 0.6116102406735381 4.4408920985006264e-17 0.540478059375 -0.06737931914344779 0.651564932595402 0.049894819364521094 0.72269711389394
1 0.9664605121245433 0.2997655405557983 0.8448422903597116 0.2175355159533841 0.7238344980017976 0.39650606348044215 0.8454527197666293 0.47873608808285634
0 0.8745945730555083 0.6152254189972884 0.7164982480896382 0.5342592458495555 0.6238975120411621 0.7150734734367534 0.781993837007032 0.7960396465844864
1 0.8153277343750001 0.8502108671874999 0.8038100010927275 0.7487054361908374 0.5945046068535492 0.7724551378739621 0.6060223401358217 0.8739605688706247
1 0.7849524606711039 0.8757584896451093 0.5138691047147992 0.8558247720837873 0.5080536247981493 0.9349108636496105 0.779136980754454 0.9548445812109325
2 0.6190629390625002 0.8873701671875001 0.4587601484375002 0.8873701671875001 0.4587601484375002 1 0.6190629390625002 1
0 0.7089445511905363 0.6819328836735143 0.5594351699991573 0.6024831206651664 0.4830988266568802 0.7461336367065712 0.6326082078482592 0.8255833997149191
0 0.7560721429977508 0.09804572426916117 0.5933672877189315 0.09680356783417213 0.5922957681586806 0.23715741544001104 0.7550006234375 0.23839957187500005
0 0.7264794895673568 0.5477570513348606 0.6857828011912647 0.38751489800393474 0.4311947475965282 0.4521726080137591 0.47189143597262034 0.6124147613446851
0 0.4654322317262822 0.9332068583663602 0.35552920930715465 0.9018978525556334 0.33519897851465363 0.9732624249116405 0.4451020009337812 1.0045714307223674
2 1.0185525117621579 0.42390071765200965 0.8837734837978614 0.3806665226981058 0.8530577423905796 0.4764203068148218 0.9878367703548762 0.5196545017687255
0 0.965606153753221 0.7240300032130691 0.868661969792481 0.6565761474329828 0.7619823894098297 0.8098952534480235 0.8589265733705698 0.8773491092281096
0 0.7303834471304854 0.40893589045615986 0.7240728584561934 0.2850887257148219 0.42451243851862175 0.3003527214411062 0.43082302719291377 0.4241998861824442