0 0.970710097286655 0.49509170532035734 0.746416248251484 0.49394544773772775 0.7453608114513549 0.7004679483533635 0.9696546604865262 0.7016142059359931
1 0.690526711437397 0.6098627001586303 0.6275353006708659 0.5581025761734151 0.5293413468750001 0.6776033656250002 0.5923327576415311 0.7293634896102155
0 0.8795393906843305 0.011574629516513535 0.7565988362613684 -0.01244028686215295 0.7270422383144324 0.13887002715921465 0.8499827927373944 0.16288494353788113
1 0.4319304037799099 0.05398467387846182 0.2954542943413245 -0.029194620127390693 0.22121131465083033 0.09261926567661286 0.35768742408941573 0.17579855968246536
1 0.5525639622228566 0.11154849641986635 0.5451325296919326 0.05341868672236875 0.3891677032984087 0.07335754581329486 0.3965991358293327 0.13148735551079246
0 0.993285538717181 0.8779305716983913 0.707442505587071 0.810491581411117 0.6803395549699955 0.9253685921456969 0.9661825881001056 0.992807582432971
0 1.0205829361560717 0.05979733042688391 0.9435294417082998 -0.023109839617612947 0.8128598698407663 0.09833378371416739 0.8899133642885383 0.18124095375866425
0 0.9116463826059509 0.25293105346932226 0.906470151936321 0.1669978003629073 0.779564116999342 0.17464204617527562 0.7847403476689718 0.2605752992816906
0 0.500795034866027 0.37467927863988243 0.49773271814162523 0.2717537768156243 0.30283285771096213 0.2775525836380527 0.3058951744353638 0.3804780854623108
0 0.2531893145832513 0.42775362547948526 0.24680047425245788 0.30424849724390934 0.025205260008645723 0.31571147422387147 0.03159410033943912 0.43921660245944727
0 0.8703081431862255 0.5099372060857059 0.8637614755528358 0.3108532403648736 0.4578625764056391 0.32420080040495086 0.46440924403902883 0.5232847661257831
0 0.5250937635211285 0.22811158606413087 0.5030076220231698 0.12140116685834879 0.29566224263340435 0.16431599581538991 0.3177483841313631 0.271026415021172
0 0.8474057815211354 0.3888299427441173 0.796320787876426 0.2917393284011414 0.7364442622486658 0.3232438353183201 0.7875292558933753 0.420334449661296
0 0.9639569899545775 0.3744406312044196 0.9600188208801945 0.25634285400642953 0.7409853666614131 0.2636468930503949 0.744923535735796 0.381744670248385
0 0.449722910306016 0.4853715287403215 0.3083470802181562 0.33164422383315284 0.22593880264870436 0.40743127190849265 0.36731463273656423 0.5611585768156614
1 0.26625951155226607 0.06994931664049983 0.2204224562394208 -0.01752444568320858 0.03174269665184605 0.08134548224586557 0.07757975196469133 0.16881924456957398