0 0.39706747717311075 0.802045999719492 0.28826860712010954 0.6259350635772607 0.09861765429452807 0.7430987663199113 0.2074165243475293 0.9192097024621427
1 0.569232571875 0.666164740625 0.4063922822548601 0.6449866080779822 0.3971791720030843 0.7158269212345229 0.5600194616232241 0.7370050537815406
0 0.10728813354993538 0.30156916532684075 0.010826803207821456 0.22460275964807103 -0.06852204928572336 0.3240499899707777 0.027939281056390562 0.4010163956495475
0 0.5057188156848704 0.006810530749066013 0.3756650890564073 -0.03608536193142993 0.32864799037559733 0.10646322527812853 0.4587017170040605 0.14935911795862447
1 0.39240695658471775 0.1326894426419162 0.367905062543703 0.0794545089558902 0.22507340330132206 0.1451941640684462 0.24957529734233677 0.1984290977544722
1 0.5465573972983606 0.9928175183109496 0.531468480943851 0.9154561197693077 0.3533512143974195 0.9501969153970695 0.3684401307519292 1.0275583139387112
0 0.1316507291384334 0.44784573473223893 0.09050273550769662 0.37222721820107013 -0.021170518655491043 0.43299448211765934 0.019977474975245733 0.5086129986488281
0 0.60127326262089 0.29577978235463903 0.5493280483521849 0.2068712248031795 0.3809706924947129 0.3052347475570747 0.43291590676341796 0.39414330510853424
1 0.8650204380429187 0.20023544605957064 0.8049907349040915 0.09211158731147528 0.6109928831642518 0.19981800460319019 0.6710225863030791 0.30794186335128554
0 0.5425217191025571 0.5008863746827645 0.44257517966193183 0.3285843912481585 0.09128026119845004 0.5323586643216152 0.19122680063907532 0.7046606477562212
0 0.533220621198076 0.2092407454877022 0.4954028250084164 0.10704130601035726 0.29682257660618594 0.18052377714496934 0.33464037279584563 0.28272321662231426
0 0.21174095526665565 0.4787079692410088 0.1418881775954024 0.4779955382837036 0.14077154993808533 0.5874791909638013 0.21062432760933852 0.5881916219211065
0 0.22962728394668122 0.5295034929621157 0.1703847545163578 0.4272639860002836 -0.019109714228063936 0.5370662725632054 0.04013281520225949 0.6393057795250374
1 0.685206577413181 0.278577211906785 0.5750653094731354 0.25448259307071375 0.5303962543429417 0.45867367835810197 0.6405375222829873 0.4827682971941732