2 0.15781250000000002 0.1734375 2.1239967922711906e-17 0.1734375 4.008804756583914e-17 0.48125 0.15781250000000005 0.48125
2 0.31718750000000007 0.18906250000000002 0.17031250000000003 0.1890625 0.17031250000000003 0.4234375 0.31718750000000007 0.4234375
2 0.2234375000000001 0.4546875 0.039062500000000056 0.4546875 0.03906250000000009 1 0.2234375000000001 1
2 0.4703125000000001 0.5015625 0.2328125000000001 0.5015625 0.2328125000000001 1 0.4703125000000002 1
2 0.7250000000000001 0.515625 0.5328125 0.515625 0.5328125000000001 1 0.7250000000000002 1
2 1 0.5703125000000002 0.896875 0.5703125000000002 0.896875 1 1 1
2 0.6296875 0.23593750000000008 0.453125 0.23593750000000008 0.453125 0.528125 0.6296875 0.528125
2 0.8921875 0.32500000000000007 0.6890625 0.32500000000000007 0.6890625 0.6093750000000001 0.8921875 0.6093750000000002
2 1 0.2843750000000001 0.84375 0.2843750000000001 0.84375 0.5031250000000002 1 0.5031250000000002
2 0.1390625 1.071565949253934e-17 0.0359375 4.401074434435801e-18 0.03593750000000001 0.1375 0.1390625 0.1375
2 0.2328125 2.2483749828095937e-17 0.134375 1.6456191363542558e-17 0.134375 0.17031250000000003 0.2328125 0.17031250000000003
2 0.3421875 0.017187500000000036 0.2421875 0.01718750000000003 0.2421875 0.18437500000000004 0.3421875 0.18437500000000004
2 0.4328125 0.08281250000000004 0.315625 0.08281250000000004 0.315625 0.26250000000000007 0.4328125 0.26250000000000007
2 0.478125 0.20000000000000004 0.31875 0.2 0.31875000000000003 0.4890625 0.478125 0.4890625
2 0.54375 0.11562500000000005 0.440625 0.11562500000000005 0.440625 0.2734375000000001 0.54375 0.2734375000000001
2 0.496875 0.03750000000000005 0.3859375 0.03750000000000005 0.3859375 0.13593750000000004 0.496875 0.13593750000000004
2 0.60625 0.03125000000000007 0.4984375 0.031250000000000056 0.4984375 0.20468750000000008 0.60625 0.20468750000000008
2 0.7046875 0.14062500000000008 0.59375 0.14062500000000008 0.59375 0.3593750000000001 0.7046875 0.3593750000000001
2 0.75 0.048437500000000085 0.646875 0.04843750000000008 0.646875 0.24218750000000008 0.75 0.24218750000000008
2 0.9 0.1062500000000001 0.7875 0.1062500000000001 0.7875 0.2984375000000001 0.9 0.2984375000000001