2 0.3046875 0.01093750000000002 0.04375 0.010937500000000006 0.043750000000000025 0.3546875 0.3046875 0.3546875
2 0.446875 0.08906250000000003 0.2234375 0.08906250000000002 0.2234375 0.3609375 0.446875 0.3609375000000001
2 0.259375 0.284375 3.482589335075286e-17 0.284375 7.003448882623926e-17 0.859375 0.2593750000000001 0.859375
2 0.4718750000000001 0.4015625 0.06562500000000004 0.4015625 0.06562500000000007 0.953125 0.47187500000000016 0.953125
2 0.7015625000000001 0.5265625 0.3421875000000001 0.5265625 0.3421875000000001 1 0.7015625000000002 1
2 0.9359375 0.7125000000000001 0.6796875 0.7125 0.6796875000000001 1 0.9359375 1
2 0.7203125 0.2375000000000001 0.446875 0.2375000000000001 0.446875 0.575 0.7203125 0.575
2 0.9296875 0.4093750000000001 0.634375 0.409375 0.6343750000000001 0.7484375000000001 0.9296875 0.7484375000000002
2 1 0.4281250000000002 0.8171875 0.4281250000000002 0.8171875 0.6890625000000001 1 0.6890625000000001
2 0.4390625 4.429777093790817e-17 0.284375 3.482589335075286e-17 0.284375 0.09375000000000004 0.4390625 0.09375000000000004
2 0.534375 5.597018574228137e-17 0.3796875 4.649830815512607e-17 0.3796875 0.14843750000000006 0.534375 0.14843750000000006
2 0.5953125 0.04375000000000007 0.41875 0.04375000000000005 0.41875 0.25468750000000007 0.5953125 0.25468750000000007
2 0.5921875 0.15312500000000007 0.3359375 0.15312500000000004 0.33593750000000006 0.48125 0.5921875 0.48125
2 0.684375 0.12187500000000007 0.5296875 0.12187500000000004 0.5296875 0.3062500000000001 0.684375 0.3062500000000001
2 0.6703125 0.028125000000000074 0.53125 0.028125000000000067 0.53125 0.16093750000000007 0.6703125 0.1609375000000001
2 0.775 0.06562500000000007 0.609375 0.06562500000000007 0.609375 0.2671875000000001 0.775 0.2671875000000001
2 0.825 0.20312500000000008 0.640625 0.20312500000000008 0.640625 0.4468750000000001 0.825 0.4468750000000002
2 0.9015625 0.1359375000000001 0.7328125 0.1359375000000001 0.7328125 0.3546875000000001 0.9015625 0.3546875000000001
2 1 0.24218750000000008 0.8421875 0.24218750000000008 0.8421875 0.4625000000000002 1 0.4625000000000002