0 0.651129141686264 0.5894385708527816 0.6155846903461375 0.46182352163914897 0.5196256582245077 0.488550864291214 0.5551701095646341 0.6161659135048466
1 0.7434479217903783 0.8649191803575098 0.6219504875488431 0.8351397006114742 0.586357947531832 0.9803538657710156 0.7078553817733673 1.0101333455170511
0 0.9010399698403473 0.8067262262297812 0.7839515968373625 0.5247935947335834 0.522335278593073 0.6334444766541748 0.6394236515960579 0.9153771081503723
0 0.7999699781631785 0.26292181157687977 0.674125763108121 0.15859917861293482 0.4852548419571126 0.38643385018596604 0.61109905701217 0.49075648314991105
1 0.7960485516422421 0.31672116434379516 0.7069707877440234 0.26688448493925243 0.6089230265930288 0.44213442981742396 0.6980007904912474 0.4919711092219668
0 1.0408575120596812 0.9090536340925359 0.9400001807660804 0.2903590581362693 0.7541936137923282 0.32064856641720657 0.8550509450859289 0.9393431423734733
0 0.8950910328124999 1.0105828354445012e-16 0.7553159843749999 9.24995302609676e-17 0.7553159843749999 0.057123556250000096 0.8950910328124999 0.05712355625000011
0 0.9856692300297736 0.5402764492121982 0.9816093824374406 0.3030215847143753 0.9059083688785279 0.30431696206431846 0.9099682164708609 0.5415718265621413
0 0.2703089421875001 0.95787224375 0.08197069531250012 0.95787224375 0.08197069531250013 1 0.2703089421875001 1
0 0.2381666857745468 0.8748599487925771 0.19980112424830554 0.7020014037979665 0.08193859409771578 0.728160724717114 0.12030415562395706 0.9010192697117245
0 0.3551994420947958 0.2347512463029695 0.20393081910642225 0.009648110332060544 0.08635202453983322 0.08866070280442546 0.23762064752820683 0.3137638387753344
0 0.4346804627527784 0.7387968367630936 0.365367693605182 0.5903174437466273 0.17192516210240355 0.6806197897960335 0.24123793124999998 0.8290991828125
0 0.42406359111973063 0.7524603643705119 0.25689904492572546 0.7406496067811403 0.24125110880424475 0.9621239805312249 0.4084156549982499 0.9739347381205965
1 0.5152601722157865 0.9984124761337385 0.5004864717328837 0.8627226980206375 0.4063805350265809 0.8729688119276341 0.42115423550948367 1.0086585900407352
1 0.6107320182235477 0.7138033249767859 0.47765419048076685 0.19131786403421733 0.21467677261738172 0.25829860537682026 0.3477546003601625 0.7807840663193889