0 0.6265429706167502 0.37748989328597565 0.49351863816443153 0.37618030022623716 0.4925406691696982 0.4755193061228059 0.6255650016220169 0.4768288991825445
1 1.0465479039827121 0.4312593425008564 0.915493818024108 0.3592953989052442 0.855283201006696 0.46894541228641257 0.9863372869653 0.5409093558820247
0 0.930175039126261 0.4824770762211708 0.9060831812641599 0.19950867023156615 0.6016553148854481 0.2254275810739593 0.6257471727475493 0.5083959870635639
0 0.5198260004217474 0.3902941524996296 0.3486379967980044 0.14889090026735158 0.2152991926273092 0.24344639395057407 0.38648719625105227 0.4848496461828521
1 0.5422955680579639 0.3061982309873143 0.40217817895368774 0.16224247758582555 0.3292643114893334 0.2332122061114164 0.4693817005936095 0.37716795951290516
0 1.0210607997408094 0.046109117746169506 0.41459182931058675 -0.013186664954039185 0.39281300178559786 0.2095641362797712 0.9992819722158204 0.2688599189799799
0 0.15507423125 1.2443035283800424e-17 0.0347868234375 5.077555836034902e-18 0.03478682343750001 0.12835226875 0.15507423125 0.12835226875
0 0.6646045092358548 0.041303862080992945 0.43438314351591245 -0.01618070819950912 0.4160415168340146 0.05727612245308309 0.6462628825539569 0.11476069273358516
0 0.9674604593750005 0.8300193218750003 0.8677706444977848 0.8219605230878786 0.8533877234831471 0.9998816712910312 0.9530775383603626 1.0079404700781527
0 0.794319457251337 0.849932453977644 0.6174211861186617 0.8422516590172362 0.6121840835993492 0.9628686506419879 0.7890823547320245 0.9705494456023956
0 0.25135421596736524 0.70078496574038 0.20264420263166355 0.5683021031635482 -0.033831573544382244 0.655247221853337 0.014878439791319443 0.7877300844301687
0 0.7509128484375001 0.8351221015625001 0.7137540917157343 0.6248989966406169 0.552394545831221 0.6534206955874822 0.5895533025529867 0.8636438005093654
0 0.9340820296922017 0.7111270187332218 0.7242041951187985 0.6386904902241783 0.6695305134974954 0.7971021941395888 0.8794083480708984 0.8695387226486323
1 0.984335499338231 0.6986498106371125 0.9826778528459977 0.6018321515201024 0.8408457139187447 0.6042605054972892 0.842503360410978 0.7010781646142993
1 0.7351777079033008 0.4483774543096982 0.19605243141933645 0.44169157943945736 0.1926872964231896 0.7130441504064626 0.7318125729071541 0.7197300252767035