0 0.620834134375 0.5338533656250001 0.48672247055378726 0.5298781573272867 0.48380311139338755 0.628368622473007 0.6179147752146003 0.6323438307707203
0 1.0369144811475366 0.6223638660626822 0.9864896110907786 0.5078834033533985 0.8496621549699718 0.5681513873552568 0.9000870250267298 0.6826318500645405
0 0.9292148584820815 0.558305854312346 0.6290718401274601 0.5012360987024009 0.5760549681566545 0.7800640664581475 0.8761979865112759 0.8371338220680926
0 0.510189061948411 0.6110163325121676 0.3855987061656039 0.5051994087681425 0.1940224451741944 0.730764031816517 0.3186128009570015 0.836580955560542
1 0.5255120169027904 0.7004541165383771 0.4614291169877923 0.6209050419163171 0.30491136594883733 0.7469921324626658 0.3689942658638354 0.8265412070847258
0 0.9972211531250001 0.997396634375 0.9949392133919746 0.7735953164422866 0.3679077279050076 0.779988701761943 0.3701896676380331 1.0037900196946565
0 0.12043645992387142 0.8315904174199664 0.004165865625000101 0.8296875 0.0013885085702549204 0.9993874312461294 0.11765910286912624 1.0012903486660958
0 0.6283801500210542 0.9637174030296798 0.6093381492602287 0.8923044085173064 0.37710285406621497 0.9542290581972563 0.39614485482704037 1.0256420527096297
0 0.995834134375 0.0015625000000001215 0.8958212974300345 0.0009020926714488787 0.8944318739925345 0.21131795829644892 0.9944447109375 0.21197836562500014
0 0.8262083803059708 0.17492074910536135 0.8206405602212754 0.04809865671280288 0.6454349098518979 0.05579064097733597 0.6510027299365932 0.18261273336989442
0 0.2697999514123525 0.27830817251561035 0.02492511287943836 0.16314680403159515 -0.0351461853953185 0.29088017207971284 0.2097286531375957 0.40604154056372793
0 0.7791658656250001 0.18802163437500014 0.6209061717175344 0.14554505737570614 0.5655666633974878 0.3517296011035544 0.7238263573049535 0.39420617810284836
0 0.9508311496366545 0.3275091235052049 0.91017200520274 0.1649350985079529 0.6947795598573395 0.21880392869420637 0.7354387042912541 0.3813779536914583
1 0.9998059288524719 0.34431873239231137 0.8587251486827995 0.3295381316308735 0.848635593662396 0.4258428973719968 0.9897163738320683 0.44062349813343465
1 0.7520323269850441 0.3089963037828653 0.21489505420136915 0.2591144675175835 0.18976473284367446 0.5297226345157282 0.7269020056273494 0.5796044707810101
1 1 0.2531250000000001 0.9296875 0.2531250000000001 0.9296875 0.3468750000000001 1 0.3468750000000001