0 0.7113306125000001 7.697639136181247e-17 0.545789259375 6.683990695025982e-17 0.545789259375 0.07825220312500007 0.7113306125000001 0.07825220312500009
0 0.7449864302620035 0.5645058348423524 0.4147655770029668 0.5281173580155332 0.3628230319288446 0.9994894255097364 0.6930438851878813 1.0358779023365554
0 0.47303755243840245 0.8081906820887206 0.08874078801008674 0.5001615614496944 -0.07006120875957374 0.6982827436831524 0.31423555566874195 1.0063118643221787
0 0.9109763659159313 0.1867001381677061 0.6113924729210074 0.0755339748107132 0.5564432828125 0.2236176343750001 0.856027175807424 0.33478379773199296
0 1 0.3170552609375001 0.822001921875 0.3170552609375001 0.822001921875 0.7442710421875002 1 0.7442710421875002
1 0.696926328125 6.280609528873945e-17 0.252311575 3.558129357532836e-17 0.252311575 0.21021123593750005 0.696926328125 0.21021123593750007
1 0.6630379002882039 0.34612032968106643 0.3812549513326552 0.2082017701813869 0.34116967724855884 0.29010044126730655 0.6229526262041075 0.42801900076698607
0 1.022230769018395 0.3271425615261103 0.8559491716760157 0.13364798291522906 0.8009394832387695 0.18092113613905542 0.9672210805811489 0.3744157147499367
0 0.7887760045806579 0.49775752364104714 0.40345754099689823 0.14021326920295654 0.22412398398649006 0.3334775429216269 0.6094424475702497 0.6910217973597176
0 0.9512069000000001 0.7315451609375 0.7468873410192959 0.5714679988959032 0.6217060019080124 0.7312471683516003 0.8260255608887167 0.891324330393197
1 0.9890545754681194 0.4997033970202665 0.6620641162161756 0.08003943226216811 0.4696942576064215 0.22992866196835324 0.7966847168583653 0.6495926267264516