0 0.8999324453755897 0.3948574125509298 0.46083605450595727 -0.10069820039850486 0.13148815123211594 0.19112671670273837 0.5705845421017484 0.6866823296521731
0 0.2126505843750001 0.555510409375 6.803040447341296e-17 0.555510409375 8.827154606566584e-17 0.8860733375000001 0.2126505843750001 0.8860733375000001
0 0.48172117971727796 0.35712765234583677 0.0001083933639194297 0.3559357669681729 -0.0004687875883912189 0.5891609846625778 0.48114399876496733 0.5903528700402416
0 0.41566715333783594 0.32326447828649807 0.11007928593750001 0.15012138125000002 -0.0006445781061083844 0.3455427989244138 0.3049432892942276 0.5186858959609119
0 1 0.14152804687500015 0.933067909375 0.14152804687500015 0.933067909375 0.3949876937500001 1 0.3949876937500001
0 0.9922024988984719 0.5896835617709886 0.900228606066866 0.563241799110256 0.7908348900197111 0.9437522077871243 0.8828087828513169 0.9701939704478569
1 0.8657472452113654 0.8737098538413468 0.5977681002535163 0.4803645513128446 0.38315063841172486 0.6265796034507042 0.6511297833695738 1.0199249059792064
0 0.4288220769001385 0.7223518200441769 0.42113829437173356 0.5586225053082324 0.18252774991984969 0.569820448300356 0.19021153244825464 0.7335497630363005
1 0.9784636361341483 0.1607517411233073 0.6872270312764017 0.04225745690590536 0.6275794676482263 0.18885991991783085 0.918816072505973 0.3073542041352328
0 1.0175903650239235 0.5593928046841656 0.8214344638723455 0.40974746415947993 0.6596873337614472 0.6217664548901063 0.8558432349130252 0.7714117954147921
0 0.6785750924475347 0.974230788653536 0.46023729258492807 0.5767463786190757 0.2082618376542404 0.7151562509563985 0.426599637516847 1.1126406609908588
0 0.3829382734375001 0.9934904343750002 0.2633357925634062 0.7552262267253446 0.10658386071976719 0.8339116495811061 0.2261863415938611 1.0721758572307616
1 0.5928864600528774 0.018664096353786054 0.5752563099650312 -0.06104359014883184 0.2116799819005455 0.01937406482794874 0.22931013198839176 0.09908175133056663
0 1.0404978109343122 0.4173862501282872 0.8776968714076135 0.315824127079363 0.8165329749272636 0.4138679598901243 0.9793339144539622 0.5154300829390485