0 1.0681973962720186 0.6966242957176433 0.705287557588173 0.14505167825232776 0.33580036008606756 0.38815754499646016 0.6987101987699132 0.9397301624617758
0 0.3139801736744238 0.9994186973456095 0.2839782731276014 0.6923131781414302 0.023773114221173702 0.7177332660627109 0.053775014767996177 1.02483878526689
0 0.5408349062801284 0.9988358456625642 0.5299666786300479 0.5051978035179199 0.2964806077004198 0.5103383712119359 0.3073488353505004 1.0039764133565803
0 0.7288482000000001 0.6615984234375001 0.5053860640625001 0.6615984234375001 0.5053860640625002 1 0.7288482000000002 1
0 1.011677438297731 0.9409288220277935 1.0000000000000002 0.8458237250000001 0.8360433976567458 0.8659550656663096 0.8477208359544764 0.961060162694103
0 0.9645276671874999 1.0740839053539378e-16 0.733003884375 9.323164755800303e-17 0.733003884375 0.18051972031250013 0.9645276671874999 0.18051972031250013
0 0.5591207248036726 0.015438205392041705 0.16294263573421192 -0.03320634582018492 0.15093833080310545 0.06456087516750733 0.5471164198725662 0.11320542637973396
1 0.5700346890757689 0.34274597228910936 0.1890753105808686 0.03261163278172362 0.03409971861663809 0.22297883072036573 0.4150590971115384 0.5331131702277514
0 0.4499835718722863 0.578683381430017 0.31344156051056216 0.4955168878522393 0.18759380015090726 0.7021326243784576 0.3241358115126315 0.7852991179562353
0 0.9916171374914653 0.4461967702741013 0.9579888072802152 0.1335807268649294 0.8006243789465808 0.15050853038325895 0.8342527091578308 0.4631245737924309
0 0.6751784668105058 0.19167132475834975 0.5563345537210259 -0.0311286818096574 0.32708364382639354 0.0911562123018049 0.4459275569158733 0.31395621886981206
0 0.4152665579226185 0.517068199249293 0.053901227752103396 0.15846798631000908 -0.14860072945314134 0.3625314084308395 0.2127646007173738 0.7211316213701234
0 0.19014486716022916 0.6874764871061917 0.10629662154638872 0.4504486740609999 -0.0574707284263404 0.5083811369548085 0.026377517187500032 0.7454089500000002
1 1 0.5604109828125001 0.8138282562500001 0.5604109828125001 0.8138282562500001 0.8742415734375 1 0.8742415734375
0 0.7834610265625 8.881784197001253e-17 0.6487209702584787 -0.008930811758244016 0.6356580725526614 0.18815044132614056 0.7703981288566827 0.19708125308438468