0 0.12777884687500007 0.4828125 0.006944710937500058 0.4828125 0.00694471093750007 0.6890625 0.1277788468750001 0.6890625
0 0.5683205578084745 0.5911086051857556 0.29472421511147695 0.38692126408032507 -0.0599769495487605 0.8621952985822882 0.213619393148237 1.0663826396877185
0 0.9899371283478624 0.010381948864889167 0.733240585716806 -0.04491613604253495 0.7011797656657577 0.10391183286088075 0.9578763082968141 0.15920991776830487
0 0.8047131273499474 0.7745808534432832 0.3451488159831174 0.7483501732198872 0.33129741930981316 0.9910281182606798 0.7908617306766431 1.017258798484076
0 0.9986105765625 0.9963533656250002 0.9970850820164774 0.9088920693548037 0.8179192163914776 0.9120170693548036 0.8194447109375002 0.9994783656250001
0 0.7650850921006647 0.1390948207531964 0.42676203546681224 -0.03308876047543239 0.34778751992864737 0.12208805314637124 0.6861105765625 0.29427163437500004
1 0.3826394234375 0.03333413437500003 2.3911343851016087e-17 0.03333413437500001 4.374043360556302e-17 0.3571677453125 0.3826394234375 0.35716774531250006
1 1 0.09920868281250012 0.6902764421875001 0.09920868281250009 0.6902764421875001 0.4169178171875001 1 0.4169178171875002
0 0.8682036359246469 0.32929414138293567 0.3493472425262078 0.31076737282171074 0.34015944136141907 0.5680788062684221 0.8590158347598582 0.5866055748296471
0 0.558334134375 0.0005216343750000685 0.1666785215993113 -0.0006358269526968045 0.16641219362052975 0.08948281911607191 0.5580678063962184 0.09064028044376879
0 0.3323962131322115 0.4083038460335155 0.02256232199041904 0.35398123356499483 -0.010462506493106493 0.54234130404707 0.29937138464868596 0.5966639165155908
1 0.7505087694987883 0.3296075013904101 0.7049013781958575 0.0879834621775993 0.20362552124679922 0.18260105169008978 0.24923291254972996 0.4242250909029006
1 0.8235194458919626 0.3327071964698475 0.5535419619884568 0.32024943647971127 0.5496908657746908 0.4037082016899961 0.8196683496781967 0.4161659616801323