0 0.4517986250695725 0.6585364601277449 0.4497447979556387 0.516358557753413 0.2905359898693808 0.5186584043636389 0.29258981698331454 0.6608363067379708
0 0.6543162083934964 0.6572829860028868 0.005421260458721941 0.6499462482271072 0.0019737802825492423 0.9548573051288356 0.6508687282173237 0.9621940429046152
0 0.6850576875556003 0.04736222395292013 0.45738433143971785 0.013076871364635145 0.4380406400212743 0.1415294848696767 0.6657139961371566 0.1758148374579617
1 0.82679398125 0.892709134375 0.5655345937500001 0.892709134375 0.5655345937500001 1 0.82679398125 1
0 0.9256947109375 0.0067716343750001155 0.6776117248669968 0.0012257012713145859 0.6723596600388559 0.23616324942442518 0.9204426461093591 0.24170918252811074
1 0.9954376466671178 0.03460634262157727 0.9217528160653087 0.03211485866887317 0.9112118037731907 0.34386188167229603 0.9848966343749999 0.34635336562500013
1 0.41549100533995975 0.09002079007103814 0.2984052664157664 0.041232064221516464 0.1732755815430458 0.341524833904855 0.29036132046723917 0.3903135597543767
0 0.7323888335857326 0.35645087695333116 0.6670295952350795 0.17373942843033297 0.5076325692119161 0.2307586699745859 0.5729918075625691 0.41347011849758414
0 0.4361105765624999 0.002603365625000047 0.3161632696982377 0.0016178339380387707 0.3155780748685614 0.0728408547086851 0.43552538173282357 0.07382638639564637
0 0.9809615390624999 0.3806081734375001 0.6045 0.3806081734375001 0.6045 0.6490384609375 0.9809615390624999 0.6490384609375001
0 0.81628125 0.37820432656250014 0.5794353976719118 0.2479195107364826 0.3772066533325873 0.6155528302036424 0.6140525056606755 0.7458376460296599