2 0.709375 0.021875000000000065 0.3328125 0.02187500000000004 0.33281250000000007 0.4015625 0.709375 0.4015625
0 0.778125 0.10781250000000006 0.5140625 0.10781250000000005 0.5140625 0.38750000000000007 0.778125 0.38750000000000007
2 0.9515625 0.11406250000000011 0.609375 0.1140625000000001 0.609375 0.4687500000000001 0.9515625 0.46875000000000017
2 0.9515625 0.2843750000000001 0.6359375 0.2843750000000001 0.6359375 0.5687500000000001 0.9515625 0.5687500000000002
0 1 0.3906250000000001 0.6390625 0.3906250000000001 0.6390625 0.721875 1 0.7218750000000002
0 0.9546875 0.5046875000000001 0.5171875 0.5046875 0.5171875000000001 0.84375 0.9546875 0.84375
0 0.8453125 0.6625000000000001 0.4875 0.6625 0.4875000000000001 0.9484375 0.8453125 0.9484375
0 0.7156250000000001 0.6171875 0.3000000000000001 0.6171875 0.3000000000000001 1 0.7156250000000002 1
0 0.6156250000000001 0.63125 0.25468750000000007 0.63125 0.25468750000000007 0.9875 0.6156250000000002 0.9875
2 0.4312500000000001 0.45 0.029687500000000054 0.45 0.029687500000000082 0.865625 0.4312500000000002 0.865625
0 0.459375 0.33281250000000007 0.05625000000000004 0.3328125 0.056250000000000064 0.6953125 0.459375 0.6953125
0 0.73125 0.32500000000000007 0.3984375 0.32500000000000007 0.39843750000000006 0.7125000000000001 0.73125 0.7125000000000001