2 1 0.5920663046875002 0.7650357437500002 0.5920663046875002 0.7650357437500002 0.9170414843750001 1 0.9170414843750001
2 0.7683178526944342 0.6775680666919757 0.6301980737722077 0.5814114364873442 0.39712389501957035 0.9162001450068237 0.535243673941797 1.0123567752114553
2 0.8646268585163013 0.49241573613118206 0.6991644722178245 0.45095102345294863 0.6844147230765232 0.5098089904467666 0.8498771093750002 0.5512737031250001
1 0.9816977654955217 0.45731315865743616 0.8650526044226124 0.27859579736817935 0.748899521328875 0.35440653555748847 0.8655446824017844 0.5331238968467453
0 0.8638704066957086 0.5359489284530065 0.48914919954765795 0.5122473985918226 0.4795401920852128 0.6641658146987502 0.8542613992332633 0.6878673445599341
1 0.5367440296120887 0.5791391232347027 0.4531274094575206 0.5679203550753376 0.41956908620385897 0.818039934040274 0.5031857063584271 0.8292587021996392
0 1.0037311507245583 0.9578391539999387 0.9988759595220541 0.9023440648512626 0.6203493400474956 0.9354608530388239 0.6252045312499999 0.9909559421875
0 0.4587374203125002 0.9043451625 0.04377011562500012 0.9043451625 0.04377011562500012 1 0.4587374203125002 1
0 0.44798072224791213 0.906413113635503 0.41376114076715514 0.708628334115243 0.005605207581743011 0.7792451189172399 0.0398247890625 0.9770298984375
0 0.44336119453128403 0.6821593545414047 0.4158336528505898 0.5940393957027272 -0.0004476066579623073 0.724080306672648 0.027079935022731892 0.8122002655113256
2 0.21064838433144334 0.633490125459238 0.01194367119106706 0.632566129657389 0.011717271227355072 0.6812532987488111 0.21042198436773135 0.6821772945506601
0 0.6363277742827526 0.3943648143060704 0.6277887492505313 0.24755122061339668 0.3142736735717404 0.2657859971886775 0.3228126986039618 0.4125995908813513
0 0.7014131509688383 0.558340452115631 0.7008259542172159 0.4043886422286592 0.14095451765072267 0.4065240811632152 0.14154171440234506 0.560475891050187
1 0.30281547507500184 0.41150376617798345 0.3003082037079842 0.3332230148941195 0.03360999736792637 0.3417651502904263 0.03611726873494398 0.4200459015742902
1 0.986327337202147 0.12996972653739441 0.918462852545915 0.06341550264700632 0.7871936552373278 0.1972690119487821 0.8550581398935598 0.2638232358391702
0 0.9450783436099599 0.34037479799734355 0.9038269923448923 0.19582718668321256 0.6184437218082733 0.27727056323611876 0.659695073073341 0.4218181745502497
0 1.0102883982626767 0.5978112157024845 0.9970335182212053 0.47137575899770034 0.8547410533443045 0.4862930108659988 0.867995933385776 0.6127284675707829
0 0.7434060682241934 0.1570086390683701 0.47001332622313124 0.09821222408385286 0.4372014521250735 0.2507815300904151 0.7105941941261358 0.30957794507493236