2 0.15303325625000003 0.320386553125 3.935183545174459e-17 0.320386553125 6.086463267593437e-17 0.6717171937499999 0.15303325625000005 0.6717171937499999
2 0.36191142898457496 0.4862881242493821 0.32575269327825335 0.0760164473043717 0.16895889011800913 0.08983525568782287 0.2051176258243307 0.5001069326328332
2 0.3520429954400368 0.6420598970570718 0.33538767093956434 0.5837125293946109 0.17136068437500002 0.630534225 0.18801600887547254 0.6888815926624609
1 0.35679193658347047 0.748304224802526 0.1633161839663942 0.6569445292411193 0.10499306628716912 0.7804575184057762 0.29846881890424537 0.8718172139671829
0 0.5032733692728553 0.48396804273880684 0.4356358053871109 0.34759833038375776 0.09926695575863602 0.514432806771637 0.1669045196443804 0.6508025191266862
1 0.5076343395069799 0.41364809230748634 0.3960749564940505 0.18903400596008957 0.32467073726304285 0.22449843640373923 0.43623012027597224 0.44911252275113595
0 0.1723529961495713 0.17048895975264272 0.13940548960641594 0.12900294406660684 -0.03294750654315535 0.26588283900146414 2.2204460492503132e-17 0.3073688546875
0 0.5379444269655653 0.014263437749996744 0.4965021775598257 -0.06488194462127139 0.2874475643731326 0.044583613059178996 0.3288898137788723 0.12372899543044713
0 0.7615256744954679 0.06332508972737032 0.6521117797213772 -0.09629667977059167 0.3493520230008974 0.1112321821624096 0.4587659177749882 0.2708539516603716
0 0.8210906720220075 0.05766030472048458 0.7537273806057601 -0.00621685611111702 0.4541658246935267 0.30969343365926083 0.5215291161097741 0.37357059449086244
2 0.8577392790535026 0.14038494867772164 0.8335917626299537 0.0981074235946037 0.6610464347116766 0.19665957705017506 0.6851939511352254 0.23893710213329303
0 0.7773070945022361 0.6023318431287055 0.6939144878295659 0.48323485988967213 0.43454259653189853 0.6648490160561729 0.5179352032045687 0.7839459992952063
0 0.8565636322667395 0.3876898579414476 0.7715322385091504 0.25580834825004783 0.29927590520964653 0.560298449442179 0.38430729896723564 0.6921799591335788
1 0.9843309678487862 0.4103044169420347 0.9483907751803698 0.34075292042249944 0.7110652191861929 0.4633890481034332 0.7470054118546091 0.5329405446229684
1 0.3779858609375001 0.88567351875 0.2826335296875001 0.88567351875 0.2826335296875001 1 0.3779858609375001 1
0 0.5081606356666042 0.7508039573270235 0.39773985246718613 0.6462006598822223 0.19428826154405504 0.8609671592342583 0.30470904474347316 0.9655704566790597
0 0.2005862193155214 0.6795398412943756 0.11796385270245038 0.5825866281117213 0.00443548302521739 0.6793341444914546 0.08705784963828841 0.7762873576741088
0 0.7324940634038228 0.8075457600824569 0.6584868266180779 0.6640604276058278 0.40891706677312306 0.7927841653747422 0.48292430355886795 0.936269497851371