0 0.7540259321870161 0.9692127703750344 0.7361462043035962 0.8419918887524958 0.5573486049290802 0.8671202511899612 0.5752283328125001 0.9943411328124998
0 0.9013678375000002 0.9485052156249999 0.8916063162207385 0.8790483832017653 0.7367550709082384 0.9008113066392655 0.7465165921875 0.9702681390625001
0 0.9319358300282261 0.01092237045014115 0.7368663318971468 -0.06030288580108785 0.6324532440564206 0.22566040468627105 0.8275227421874998 0.2968856609375
0 1 0.06700651875000012 0.8196728984374999 0.0670065187500001 0.8196728984374999 0.9041478328125001 1 0.9041478328125001
0 0.22868335399337383 0.25270779582717573 0 0.08699369843750002 -0.07433339673773878 0.18957284376955713 0.15434995725563505 0.35528694115923287
0 0.2718958414914582 0.4727434876359303 0.022489921739410446 0.34931860342477494 -0.018827204234204385 0.4328085404080763 0.2305787155178433 0.5562334246192318
1 0.27645734031691965 0.16831343492864198 0.27458344547829727 0.042986295774758786 0.09231799342191355 0.045711533837109124 0.09419188826053597 0.17103867299099235
0 0.7303403032085833 0.9775262117618654 0.6592646157674581 0.2477485649675253 0.35479203313703334 0.27740225224130227 0.4258677205781584 1.0071798990356424
2 0.3889440647807573 0.6964265684557027 0.36211130425891885 0.23591488435202196 -0.016140548787145118 0.2579545887505787 0.010692211734693358 0.7184662728542595
0 0.5103468968750001 0.7313884578125001 0.060619467187500095 0.7313884578125001 0.06061946718750012 1 0.5103468968750001 1
2 0.8303651431689847 0.7967019715045262 0.7459973041120959 0.6165665391422 0.6816210028202339 0.646717683507541 0.7659888418771226 0.8268531158698671