2 0.06297939933360994 0.4860480120773965 0.0041762969985589815 0.4777967994953006 -0.00841447110096737 0.5675261838332903 0.05038863123408358 0.5757773964153863
0 0.1685691520849857 0.24956782758668958 0.009853505587169329 0.2386098238864461 -0.0046516830448210976 0.4487028713315745 0.15406396345299528 0.4596608750318179
0 0.8726582622343365 0.8348671648532638 0.725105942384535 0.6868705684321166 0.6080623460983644 0.8035628071268732 0.7556146659481661 0.9515594035480206
0 0.986294415625 0.82761009375 0.7219381343750002 0.82761009375 0.7219381343750002 1 0.986294415625 1
1 0.4392032331124759 0.4426781810459848 0.4031175002579575 0.3309757736372839 0.15116050833381092 0.41237108921124915 0.1872462411883294 0.52407349661995
1 0.44664066875 4.8972564743288426e-17 0.341535575 4.2536733911537426e-17 0.341535575 0.07854420937500003 0.44664066875 0.07854420937500003
0 0.18440996718750008 0.732449684375 9.01740834713111e-17 0.732449684375 1.0160596424975741e-16 0.919146465625 0.1844099671875001 0.919146465625
0 0.3286462046875 2.7026588227894662e-17 0.1022488234375 1.3163746813736886e-17 0.1022488234375 0.1235327640625 0.3286462046875 0.12353276406250002
1 0.46480674044984893 0.1276798822486376 0.3005675201740932 0.017132557199464958 0.17753544661420154 0.19992026211586955 0.34177466688995717 0.3104675871650422
0 0.59591209331334 0.5302209262964995 0.3819980287072722 0.4416963682377418 0.3417497334149958 0.5389538595851878 0.5556637980210637 0.6274784176439455
0 0.7008693688155601 0.19214641571470986 0.1393205116036807 0.13301443080904873 0.11937649305281035 0.3224134649074554 0.6809253502646897 0.38154544981311656
0 0.7261094975482427 0.1147037961930848 0.6316836520200088 0.020206923648851127 0.5145649296874999 0.13723761562500006 0.6089907752157339 0.23173448816923373
0 0.7522452169274731 0.243393831162585 0.7352085864979588 0.16941419666073215 0.6309023396497985 0.19343468542101785 0.6479389700793128 0.26741431992287074
0 0.8841433638964882 0.32624591660028446 0.8617706233932388 0.24707876287231323 0.7208514405674488 0.2869027070313342 0.7432241810706982 0.3660698607593054
0 0.5928028102981513 0.8099793821240334 0.5288635575702043 0.6248147858987829 0.10774138645448852 0.7702326329236756 0.1716806391824355 0.9553972291489261
1 0.19685907599370023 0.36158546343353853 0.12536650837539887 0.3346324130445442 0.08244265760592381 0.44848729252147435 0.15393522522422518 0.47544034291046866
1 0.5587086233565131 0.06143012952399104 0.4343985499118266 0.061185435889471416 0.4342725696618478 0.12518634117739313 0.5585826431065343 0.12543103481191276
0 0.7292266084301874 0.3532357353868022 0.7280925796875 0.26338342812500004 0.6851509899430079 0.26392539525429204 0.6862850186856952 0.3537777025160942