2 0.5047861351869876 0.9968506122428579 0.4988046161278061 0.937241162774763 0.40822851378838954 0.946330035215022 0.4142100328475709 1.005939484683117
1 0.7417748531250001 0.8428041671875001 0.5331871343750001 0.8428041671875001 0.5331871343750001 1 0.7417748531250001 1
0 0.3210993520010738 0.2685094992636198 0.17834241484241617 0.1158820560662139 0.057636497862385595 0.2287818507820914 0.20039343502104323 0.38140929397949724
0 0.1852192984375 1.1936904548175468e-17 0.00175438593750001 7.029186557267575e-19 0.0017543859375000258 0.2613625 0.1852192984375 0.2613625
2 0.6695347974673272 0.6130833016641322 0.5550076162402937 0.5783413862422307 0.4791445679373002 0.8284249229707484 0.5936717491643337 0.8631668383926498
2 1.0012639192961508 0.6733600442225021 0.9995204671874998 0.570075 0.9161498096333446 0.5714822971532962 0.9178932617419957 0.6747673413757983
0 0.2503450296875001 0.8049250000000001 0.0641959062500001 0.8049250000000001 0.06419590625000013 1 0.2503450296875001 1
0 1 0.6856041671875002 0.8626754390625001 0.6856041671875002 0.8626754390625001 0.9109833328124999 1 0.9109833328124999
0 0.9760840956777977 0.7113324984330271 0.8691618103020309 0.5476851314455644 0.6823523258771512 0.6697408502284221 0.7892746112529181 0.8333882172158849
0 0.5541499046034548 0.6199648556768381 0.4731447674886725 0.4030916393482319 0.3745418776057021 0.43992117851447626 0.45554701472048437 0.6567943948430826
0 0.8541744772318933 0.8732673851706778 0.8146762888709242 0.3099969308547305 0.6246965964454625 0.32331886815622235 0.6641947848064317 0.8865893224721695
0 0.9789056357709466 0.37344167232209025 0.8848291654520694 0.2860110719669787 0.7689732374936227 0.41067356683238865 0.8630497078125 0.4981041671875001
0 0.8343837493063944 0.27279404102538735 0.7617609571278439 0.2582382270286901 0.7402746814078262 0.36543891925105176 0.8128974735863765 0.379994733247749
1 0.7601003587469645 0.1400770101896484 0.6797174776386374 0.12226466005380172 0.6481247941264572 0.26483489381211534 0.7285076752347842 0.28264724394796203
0 0.37925832946055626 0.47008699046324914 0.19620279476268668 0.3939836031663682 0.024397026264800514 0.8072371774635523 0.20745256096267012 0.8833405647604332
1 0.6472782846503996 0.8454267131838605 0.5910686409437647 0.7870123489080607 0.5081831501092735 0.8667695107982304 0.5643927938159085 0.9251838750740301
2 0.9432654435284343 0.45665908646557873 0.8793987193379321 0.45430293511409425 0.8748108548403687 0.5786633147241205 0.9386775790308709 0.581019466075605
0 0.7444327484375 0.2784083328125001 0.652760234375 0.2784083328125001 0.652760234375 0.3200750000000001 0.7444327484375 0.3200750000000001