2 0.5093660921875001 5.705861727849679e-17 0.42247184375 5.173787911783182e-17 0.42247184375 0.06250075312500006 0.5093660921875001 0.06250075312500006
1 0.7504642337890004 0.00429570584708628 0.5419082832420573 0.0006553477049226584 0.5391648373135426 0.15782723878030347 0.7477207878604857 0.1614675969224671
0 0.3170865330367261 0.7283329988939029 0.19836937442137495 0.6133437893509746 0.0529704619573312 0.7634565331649875 0.17168762057268236 0.8784457427079158
0 0.17875567500000009 0.730322896875 9.205798433591269e-17 0.730322896875 1.0815593168481129e-16 0.993222328125 0.1787556750000001 0.993222328125
2 0.6598727451165279 0.4038967706751001 0.5883858075854784 0.15252732966811264 0.4732697398681752 0.18526518001603212 0.5447566773992248 0.4366346210230196
2 1 0.33362161406250007 0.919366328125 0.33362161406250007 0.919366328125 0.43836225000000023 1 0.43836225000000023
0 0.258910953125 2.0437442236874376e-17 0.07245960312500001 9.020589788164234e-18 0.07245960312500002 0.18969522343750003 0.258910953125 0.18969522343750006
0 1 0.09557114843750011 0.869627634375 0.09557114843750011 0.869627634375 0.3226989546875001 1 0.3226989546875001
0 0.9796998471647544 0.2970085033799156 0.7950489810054807 0.17171109702855314 0.6852869388156794 0.3334674872998924 0.8699378049749532 0.4587648936512549
0 0.5562353332280348 0.38099846199370163 0.4582902253205631 0.3424536739917146 0.3735124653252132 0.5578801241377169 0.4714575732326848 0.5964249121397038
0 0.8606349449467062 0.13297066011904282 0.6709166877912425 0.1163351510905601 0.6215940962603524 0.6788304788626109 0.8113123534158163 0.6954659878910936
0 0.9766239481493983 0.6348971088478145 0.8629613265625 0.508231634375 0.767373310297375 0.594007056337494 0.8810359318842735 0.7206725308103085
0 0.8303675292275171 0.733007156136465 0.810755438091736 0.6254478029327093 0.7378896728631852 0.6387339559800751 0.7575017639989663 0.7462933091838309
0 0.7537792227326114 0.8644075482136347 0.7246795415428908 0.721307660301272 0.643998035949712 0.7377144243101021 0.6730977171394326 0.880814312222465
0 0.3824833892278078 0.5233175439933704 0.20262281701329315 0.11113454656053816 0.018290444430250595 0.1915699993010356 0.1981510166447653 0.6037529967338677
0 0.6532843806269781 0.1571962576600494 0.5718034683590092 0.07600469173674082 0.5145829137911541 0.13342916598658958 0.596063826059123 0.21462073190989814
2 0.9424419627848974 0.5510207795726358 0.9400251812754614 0.4265992708176821 0.8761270636470002 0.42784043716197057 0.8785438451564364 0.5522619459169243
0 0.7412553953234859 0.6841635361314061 0.6495968447538486 0.6825636298743042 0.6488696609944195 0.7242239515907671 0.7405282115640569 0.7258238578478691