0 0.3134142165375385 0.5380990222138557 0.15511034946506502 0.3180612617868171 -0.06786904907169848 0.4784814596535753 0.09043481800077498 0.698519220080614
0 0.94277400310504 0.7025550411608771 0.6572724422468581 0.35335723838557687 0.42074845946037265 0.5467375109109108 0.7062500203185544 0.8959353136862109
0 0.6578245558882921 0.3258576576888002 0.18005435960707597 0.18084725583124417 0.10943332238336767 0.41352454231375224 0.5872035186645839 0.5585349441713083
0 0.5251946802409362 0.8400885730415537 0.31261104103070425 0.6987333397959608 0.18622566078801822 0.8888038696098739 0.3988092999982502 1.030159102855467
0 1.040206659800593 0.44656089514232633 0.7253147211695075 0.37357920474029593 0.6664682366235049 0.6274823891998256 0.9813601752545905 0.7004640796018561
0 0.8230161265625 0.9109031234374999 0.3731773828125001 0.9109031234374999 0.3731773828125001 1 0.8230161265625 1
0 1 0.2261637406250001 0.793973015625 0.2261637406250001 0.793973015625 0.43960595156250015 1 0.43960595156250015
0 0.8170244268973457 0.3765557683326887 0.6819464580686697 0.218920441605516 0.5194112856525688 0.3581970962045454 0.6544892544812447 0.515832422931718
0 0.25381942664669205 0.7189250838151648 0.008506409458217012 0.5718080121042401 -0.09721691506051525 0.7480982782390071 0.1480961021279598 0.8952153499499318
0 0.5882107659076066 0.20867906825828805 0.42502027949971943 0.11853494005121439 0.3626716354671129 0.2314064686679264 0.525862121875 0.3215505968750001
0 0.8635198747287207 0.1548979882760695 0.6936741596430049 0.1171465427745095 0.6529678954619043 0.3002861406482232 0.8228136105476199 0.33803758614978313
1 0.8004613905063804 0.03592238025527015 0.6167275767591174 0.03401576971640986 0.6159679093375001 0.10722243133316549 0.7997017230847632 0.1091290418720258
0 0.9655685219209458 0.6876149610510681 0.8719482705658758 0.6399130604916679 0.7396829023267095 0.8994984622242932 0.8333031536817795 0.9472003627836934
0 0.732068546875 0.8301705078125 0.5064661093749999 0.666402596875 0.4432969319837058 0.7534228214889943 0.6688993694837059 0.9171907324264943
0 0.6720414734375 0.8806178328125002 0.47576659999573767 0.7033253710977763 0.3611855617682684 0.830174412277594 0.5574604352100306 1.007466873992318
0 0.4229852418348788 0.5124773702604181 0.2522576421875 0.4555013328124999 0.2067782884706702 0.5917793409257539 0.37750588811804897 0.648755378373672
0 0.4219356143031652 0.6631056351032573 0.3527459627232409 0.5615832710503046 0.19293238428502418 0.6704996257178703 0.2621220358649485 0.7720219897708229
0 0.29313797500000005 0.602720771875 0.16899843286694846 0.5525201325794787 0.09861547817944842 0.7265678716419787 0.2227550203125 0.7767685109374999
0 0.5196757666412402 0.5847670867550322 0.3900740970674665 0.5328299873222405 0.313340309104042 0.7243082782046315 0.44294197867781565 0.7762453776374233
0 0.6577251715465466 0.024500923671628216 0.5430332071308467 -0.07127041563619603 0.3959487660276656 0.10487208802962666 0.5106407304433656 0.20064342733745094
0 0.46826152900306184 0.1806431928602211 0.31550340789293657 -0.0017950344427403175 0.05650574898707574 0.2150673870533831 0.20926387009720093 0.3975056143563445
0 0.48584137187500004 4.4408920985006264e-17 0.43539397596150103 -0.035365044469203785 0.37782406033650107 0.04675707271829623 0.42827145625000007 0.08212211718750007
1 0.6918290529106457 0.31355420467162703 0.6831473912674733 0.11870130459409693 0.5258159039818275 0.1257112014849699 0.534497565625 0.3205641015625
0 0.14655770371853755 0.335692160755791 0.07186779955741635 0.25210767013034674 -0.07468990416112117 0.3830695359370558 0 0.46665402656250005