0 1.0788009512381427 0.5828095706527316 0.9902624479090543 0.49616833995270665 0.8624857061097858 0.6267431412080555 0.9510242094388742 0.7133843719080806
0 1 0.6786688343750001 0.9298605765625 0.6786688343750001 0.9298605765625 0.8350418921875 1 0.8350418921875
1 0.34444471093750006 0.852603365625 0.2466417280053832 0.6691151666013047 -0.03130142214106861 0.8172645806481542 0.06650156079104823 1.0007527796718496
0 1 0.807290865625 0.13302166093750012 0.807290865625 0.13302166093750015 1 1 1
1 0.31521685629358154 0.1711639967340654 0.08408866807687257 -0.06746970247824356 -0.016702683799789127 0.03015155815703553 0.21442550441691982 0.2687852573693445
0 0.5181198399583773 0.22542694467013344 0.35987710396143613 -0.0065096963957978595 0.282930714510263 0.04598829243374003 0.4411734505072042 0.27792493349967134
0 0.14043026101241027 0.32479468901207625 0.11776252729692496 0.14392375155673126 -0.006605732443310525 0.15951026110941155 0.01606200127217481 0.34038119856475657
0 1.0049361328235256 0.6616398446191856 0.9919268396786795 0.35600337314527664 0.2593595150755422 0.38718480587200366 0.27236880822038845 0.6928212773459126
2 0.6708221156249999 5.484975169764043e-17 0.19557211562500001 2.5749082132901456e-17 0.19557211562500004 0.36858894218750005 0.6708221156249999 0.36858894218750005
1 1 1.1740432749596252e-16 0.697658653125 9.889125936094409e-17 0.697658653125 0.44986298125000007 1 0.4498629812500002
2 0.8609234413944602 0.7135885839478338 0.6668214210346235 0.66715307428939 0.65087127799491 0.7338252183405495 0.8449732983547467 0.7802607279989932