0 0.8610810334872221 0.7692534414240582 0.6128335023019498 0.6492746844999235 0.49452128746491136 0.8940739806030509 0.7427688186501837 1.0140527375271855
0 0.7568998351408425 0.13287970552289868 0.47743662036430184 0.013893523958588916 0.30009385994672344 0.4304190170206185 0.5795570747232641 0.5494051985849283
0 0.602492633991689 0.8841211778202501 0.5091654024644685 0.39514112157545356 0.2687609163846485 0.4410249666239756 0.362088147911869 0.930005022868772
0 1 0.3387681156250001 0.768739234375 0.3387681156250001 0.768739234375 0.5905797093750003 1 0.5905797093750003
0 0.5141707544654227 0.030876808750132257 0.2588667414550986 -0.07782318076351222 0.13086209167717594 0.22282174954885564 0.38616610468750007 0.33152173906250015
0 1 1.083040420951842e-16 0.762900271875 9.378587093883475e-17 0.762900271875 0.3858695656250001 1 0.3858695656250001
0 0.2737512029419994 0.2964766148790198 0.21792622449401508 -0.03221075772697786 0.002863329390361067 0.00431599226324532 0.05868830783834541 0.3330033648692429
0 0.4390414558101624 0.4728112695835799 0.3705143866742268 0.2565350664586447 0.1841279117688523 0.3155915815411926 0.25265498090478794 0.5318677846661278
0 1 0.6250000000000002 0.7949645828125 0.6250000000000002 0.7949645828125002 1 1 1
0 0.3292582968750001 0.5579710140625 0.20139935050865873 0.5526443864189952 0.1936052403787179 0.7397321229332273 0.3214641867450593 0.7450587505767322
0 0.2571829036679333 0.4413109258074245 0.20411025620382367 0.2831349029811774 0.02100427658559171 0.3445722746587027 0.07407692404970136 0.5027482974849498
1 0.09152366406250004 0.57789855 0.02559001048027638 0.4075541077508187 -0.04242166829888607 0.4338787615461633 0.023511985283337578 0.6042232037953446
0 0.7471429406250001 7.544057998935271e-17 0.45580150625 5.760106223603557e-17 0.45580150625 0.10507246406250006 0.7471429406250001 0.10507246406250008
0 0.7813010184512794 0.15166071667025854 0.6600655985016606 0.14520846670099394 0.6453291234374999 0.42210145 0.7665645433871188 0.4285536999692646
0 0.9294173898079974 0.22784484539136168 0.7610266421875 0.1739130437500001 0.6811348496601964 0.4233584222277117 0.8495255972806938 0.4772902238690733
0 0.713205003125 0.7083333328125 0.6732080675510381 0.5361474846338801 0.532828409738538 0.5687561815088801 0.5728253453125001 0.7409420296875
0 0.8503667228460493 0.5884538655723681 0.6807672026626609 0.4955081124267253 0.6217231137858757 0.6032467535615897 0.7913226339692642 0.6961925067072325
1 0.8736436643490407 0.6219514419522553 0.7279444098326588 0.5507273179289692 0.6569456262203262 0.695965606019459 0.8026448807367078 0.767189730042745
0 0.8009522809835412 0.5107749181484372 0.7533593747561884 0.39387020519379184 0.5476264885918485 0.47762581873266396 0.5952193948192013 0.5945305316873094
0 0.22844148451807705 0.626423672949538 0.004721385360268493 0.5753380517915744 -0.02859976353718363 0.7212619060271807 0.19512033562062497 0.7723475271851443
0 0.541580727578969 0.8099100098415069 0.23187565844803593 0.6723146925203067 0.13493103643099041 0.8905215432198348 0.4446361055619235 1.028116860541035
0 0.40005038281250016 0.9057971015625 0.1917948468750001 0.9057971015625 0.19179484687500012 1 0.40005038281250016 1
0 0.15950520937500007 0.70108695625 8.585838968955229e-17 0.70108695625 9.340150405985861e-17 0.8242753625000001 0.15950520937500007 0.8242753625000001
0 0.3244613359375001 0.5507246375 0.24895696423725355 0.4135629914428417 0.07658775346753466 0.5084483280785037 0.1520921251677812 0.645609974135662
0 0.19499903750000014 0.914855071875 1.1259207435871832e-16 0.914855071875 1.1780569754331396e-16 1 0.19499903750000014 1
0 0.8241916359375001 0.8925120765625 0.48892593593750017 0.8925120765625 0.48892593593750017 1 0.8241916359375001 1
1 0.20089535752205184 0.8713684976737263 0.17613609469970584 0.7785671146528044 -0.014570062932436612 0.8294472171356461 0.010189199889909384 0.9222486001565681