2 0.984375 0.0906250000000001 0.7734375 0.0906250000000001 0.7734375 0.3937500000000001 0.984375 0.3937500000000001
2 0.8171875 0.05937500000000009 0.528125 0.05937500000000007 0.528125 0.37187500000000007 0.8171875 0.37187500000000007
2 0.540625 5.109073365192864e-17 0.29375 3.59739997249535e-17 0.29375000000000007 0.37968750000000007 0.540625 0.37968750000000007
2 0.2625 0.048437500000000015 0.012500000000000006 0.0484375 0.012500000000000025 0.359375 0.2625 0.359375
2 0.2484375000000001 0.3640625 4.4584797531458325e-17 0.3640625 6.171071761328458e-17 0.64375 0.2484375000000001 0.64375
2 0.24375000000000008 0.6 7.347880794884119e-17 0.6 9.443174927800294e-17 0.9421875 0.24375000000000008 0.9421875
2 0.9796875 0.35625000000000007 0.696875 0.35625000000000007 0.696875 0.7015625000000001 0.9796875 0.7015625000000002
2 0.7171875 0.3734375000000001 0.49375 0.3734375000000001 0.49375 0.6828125 0.7171875 0.6828125
2 0.5296875 0.32343750000000004 0.2140625 0.3234375 0.21406250000000004 0.66875 0.5296875 0.66875
2 0.8921875 0.6703125000000001 0.6359375 0.6703125 0.6359375 1 0.8921875 1
2 0.659375 0.6203125 0.4171875 0.6203125 0.4171875000000001 0.9703125 0.6593750000000002 0.9703125
2 0.4640625000000001 0.628125 0.21093750000000008 0.628125 0.21093750000000008 0.94375 0.46406250000000016 0.94375