2 0.3546875 0.05312500000000002 0.065625 0.053125 0.06562500000000002 0.2390625 0.3546875 0.2390625
2 0.34843750000000007 0.221875 0.05625000000000002 0.221875 0.05625000000000004 0.4859375 0.34843750000000007 0.4859375
2 0.37968750000000007 0.503125 6.161504208210122e-17 0.503125 7.472258985422522e-17 0.7171875 0.37968750000000007 0.7171875
2 0.3828125000000001 0.775 0.0906250000000001 0.775 0.09062500000000011 1 0.3828125000000001 1
2 0.6671875000000002 0.7609375 0.4078125000000002 0.7609375 0.4078125000000002 1 0.6671875000000002 1
2 0.965625 0.7437500000000001 0.6453125000000002 0.74375 0.6453125000000002 1 0.965625 1
2 0.6609375 0.03437500000000006 0.3375 0.034375000000000044 0.3375 0.290625 0.6609375 0.2906250000000001
2 0.665625 0.29375000000000007 0.3734375 0.29375000000000007 0.37343750000000003 0.4921875 0.665625 0.4921875
2 0.6687500000000001 0.484375 0.3468750000000001 0.484375 0.3468750000000001 0.775 0.6687500000000002 0.775
2 0.9671875 0.0921875000000001 0.65625 0.09218750000000009 0.65625 0.3234375000000001 0.9671875 0.3234375000000001
2 0.95625 0.3296875000000001 0.6234375 0.3296875000000001 0.6234375 0.5437500000000001 0.95625 0.5437500000000002
2 0.946875 0.5250000000000001 0.65 0.525 0.6500000000000001 0.7515625000000001 0.946875 0.7515625000000001