0 0.8718752590854228 0.4619685597585555 0.7121304245786642 0.12194026630975112 0.17895076889035844 0.3724273507709236 0.33869560339711713 0.712455644219728
2 0.34714163414493837 0.2879262016015381 2.7755575615628914e-17 0.21484375 -0.06921419294584492 0.5436111561106349 0.2779274411990934 0.616693607712173
2 0.43766201450712927 0.3133221480079354 0.21543186947146092 -0.09465259099217517 -0.001715447776327854 0.02363090843318828 0.22051469725934042 0.4316056474332989
0 0.4453125 0.2890625 0.3893076930018268 -0.029734093681908758 0.2184305346055691 0.0002848665768932779 0.2744353416037423 0.319081460258802
2 0.6267783306903184 0.26543247549609245 0.6092230068069255 -0.015452738237780799 0.3619791671875 0 0.3795344910708929 0.2808852137338732
0 0.7291666671874999 0.0026041671875000837 0.5873228393282393 -0.0023728102240097 0.579342223651927 0.22507469106138736 0.7211860515111876 0.23005166847289713
2 0.9983294871971914 0.03769508997778463 0.7162448399270763 -0.06875194805348576 0.6042226611098216 0.2281068221155083 0.8863073083799365 0.3345538601467787
2 1.0952776646423326 0.2561671602701395 0.763120242114444 0.13480194738190251 0.6099608304904256 0.5539750711317033 0.9421182530183142 0.6753402840199405
0 1 0.47656250000000017 0.8294270828125001 0.47656250000000017 0.8294270828125001 0.6861979171875002 1 0.6861979171875002
0 0.2594230290859637 0.5647175203455717 0.004723294180320675 0.5521397569166498 -0.007857636850979687 0.8069036357768722 0.24684209805466334 0.819481399205794
2 0.48828125 0.6223958328125 9.934309318019163e-17 0.6223958328125 1.2246467991473532e-16 1 0.4882812500000001 1
2 0.8203125 0.6197916671875001 0.39713541718750006 0.6197916671875 0.39713541718750006 1 0.8203125 1
2 1 0.5559895828125001 0.61328125 0.5559895828125 0.6132812500000001 0.921875 1 0.921875