0 0.8480132722388134 0.4635161313195275 0.6537866793923088 0.22666989670613136 0.45654861753429354 0.38841566731912824 0.6507752103807982 0.6252619019325244
0 1.0278253134214936 0.5014682832757085 0.8934363884937653 0.38614732257870543 0.6669646382248383 0.6500654764094601 0.8013535631525663 0.7653864371064631
0 0.6619059339908588 0.723843635272887 0.6305900075575414 0.5054306868993951 0.34503191513683096 0.5463738465484902 0.3763478415701485 0.7647867949219821
0 0.9266156956450644 0.6620679780653594 0.7386775832526278 0.6405896317444597 0.6997735188900884 0.9810048718868052 0.887711631282525 1.0024832182077046
1 0.7821033656250002 0.9869903843750002 0.6280046815720199 0.6985291980788257 0.4421762569473141 0.7978004936801133 0.5962749410002943 1.0862616799762876
1 0.48043509687500013 0.8342764421875 0.2720913468750001 0.8342764421875 0.2720913468750001 1 0.48043509687500013 1
0 0.5894686862918369 0.21310477697649785 0.5235170705330516 0.1771578273828476 0.46184581092724075 0.29030565391222846 0.5277974266860259 0.3262526035058787
0 0.22869684278350508 0.6434741462628868 0.2126228253865979 0.47737596649484537 -0.016019652061855634 0.4995026578608247 0.00005436533505155383 0.665600837628866
0 0.24301578452424072 0.4645465565705658 0.14277908753060212 0.4291564060513166 0.11470192343750005 0.5086802890625 0.21493862043113868 0.5440704395817492
0 0.6049010114341684 0.7137935144160119 0.48479271432531784 0.6725885513053542 0.39928553456199534 0.9218333261246453 0.5193938316708457 0.963038289235303
0 0.464064903125 0.9735576921875 0.4320462369321449 0.7349633267673045 0.07013939910146105 0.7835301661937295 0.10215806529431612 1.022124531613925
0 0.1156370187500001 0.665865384375 8.154499116378658e-17 0.665865384375 9.861939370341631e-17 0.9447115390624999 0.11563701875000013 0.9447115390624999
0 0.38563205456398186 0.5307706266218604 0.2354219931904356 0.47559286077603496 0.1379512120165634 0.7409369137259887 0.28816127339010966 0.7961146795718141
0 0.2701572580054412 0.42498849926159343 0.19843125994207345 0.26186923712379684 0.01157801465838273 0.34403142529033176 0.0833040127217505 0.5071506874281283
1 0.3484608232210499 0.20062906011034348 0.26726913832317745 0.19702009055561726 0.26227365767607963 0.30940438320819075 0.34346534257395206 0.313013352762917
0 0.17989945254457435 0.21694592287185904 0.0950055465114048 0.15526619371371092 -0.023321790408169507 0.318127963029352 0.06157211562500002 0.37980769218750005
0 0.11484430453737102 0.4956064652343781 0.10255624537343122 0.41704228587945125 -0.012051447802895854 0.434967835741445 0.00023661136104394798 0.5135320150963719
0 0.3006763659864033 0.2757483191141833 0.20321236057076333 0.20797269418539166 0.14673070552186007 0.2891955281962083 0.24419471093750006 0.35697115312500005
0 0.45597700644198336 0.33057561579342787 0.2695057378628978 0.2898083312582552 0.2251370092135577 0.49275275620138786 0.4116082777926433 0.5335200407365605
0 0.8980026375748377 0.42670840675349203 0.840814269173926 0.31227447014702714 0.7547737502193159 0.3552732259470954 0.8119621186202277 0.4697071625535603
0 1.0367460119945573 0.5782554001828595 0.9425073496956928 0.5502537823263507 0.8812011591191817 0.7565780533086688 0.9754398214180462 0.7845796711651777
0 0.48653536179205464 0.33332261685267045 0.4495778862443056 0.23770323476731098 0.3890410869581241 0.26110107765820956 0.42599856250587315 0.35672045974356903
0 0.169629745929006 0.1476228017906453 0.16280769035938653 0.06919061998728623 0.06844714159607189 0.07739812986960794 0.07526919716569139 0.155830311672967
0 0.7086582680985943 0.17367793539344972 0.6349546373327406 0.1146948588975524 0.6176251668300204 0.13634928879812022 0.6913287975958741 0.19533236529401754
0 0.6455764849590848 0.11638527200577542 0.5951341016945095 0.11409468801354246 0.5908840380199302 0.20768799936947824 0.6413264212845056 0.2099785833617112
0 0.31320419021311 0.14647515360009178 0.31094381312532016 0.09454748593576341 0.2593548938709265 0.09679311752893004 0.26161527095871634 0.1487207851932584
0 0.3278343994624273 0.1847088564731544 0.3137508566155766 0.1377862378881647 0.23304682010177272 0.16200907093609596 0.24713036294862345 0.20893168952108568
0 0.7803812038363226 0.2701533810613396 0.6700651116012852 0.23484333292127194 0.6513810233899626 0.2932163940474324 0.761697115625 0.3285264421875001
2 0.9607339728468329 0.15435344337824103 0.9316245923358973 0.11245724680260202 0.8864117574409198 0.14387101994928594 0.9155211379518551 0.18576721652492495
0 0.9631326893671659 0.08225801351084672 0.9207004512363813 0.08092948717241877 0.9197510262807048 0.1112534819938122 0.9621832644114894 0.11258200833224015
1 0.9101406599632293 0.15230068870860541 0.8691250941373359 0.06047209411821628 0.8348413048748847 0.07578506957567033 0.8758568707007782 0.16761366416605944