0 0.8480132722388134 0.4635161313195275 0.6537866793923088 0.22666989670613136 0.45654861753429354 0.38841566731912824 0.6507752103807982 0.6252619019325244
0 1.0278253134214936 0.5014682832757085 0.8934363884937653 0.38614732257870543 0.6669646382248383 0.6500654764094601 0.8013535631525663 0.7653864371064631
0 0.9266156956450644 0.6620679780653594 0.7386775832526278 0.6405896317444597 0.6997735188900884 0.9810048718868052 0.887711631282525 1.0024832182077046
1 0.7821033656250002 0.9869903843750002 0.6280046815720199 0.6985291980788257 0.4421762569473141 0.7978004936801133 0.5962749410002943 1.0862616799762876
1 0.48043509687500013 0.8342764421875 0.2720913468750001 0.8342764421875 0.2720913468750001 1 0.48043509687500013 1
0 0.5923081577424968 0.18627386118183695 0.5099196884097811 0.15601562759326237 0.460531345678601 0.2904924121877849 0.5429198150113167 0.3207506457763595
0 0.6844988106950316 0.7078479048198378 0.6405673202834709 0.4882719852520604 0.34396622323521286 0.5476142313265981 0.3878977136467737 0.7671901508943756
0 0.4064047623829118 0.5383998492945702 0.23450037492102765 0.4716520744881955 0.14644451608057124 0.6984339937403281 0.3183489035424553 0.7651817685467028
0 1.0157387767078807 0.3426124434441342 0.9880228278831519 0.2022754235949386 0.8171504188315535 0.23602197849486012 0.8448663676562823 0.3763589983440557
0 0.27304292285123033 0.4327619142373968 0.21092143081645523 0.2645783277817085 0.051468853042837145 0.32347487202146386 0.11359034507761223 0.4916584584771522
0 0.43828336548123026 0.3178938739049134 0.25897456070799807 0.2944976339047842 0.23278540377262438 0.4952113566258081 0.41209420854585666 0.5186075966259373
0 0.31691375313267545 0.7720746532819136 0.1570931384880158 0.7231138658703629 0.07757634604992765 0.9826771473021669 0.23739696069458732 1.0316379347137177
1 0.3458368182975681 0.3084738731886847 0.33718473425511075 0.20747902893166154 0.2553133448352132 0.2144928339149239 0.2639654288776706 0.31548767817194706
0 0.30670023478516767 0.28015892657277136 0.20465836359325817 0.20001815729392475 0.14455587206087883 0.27654563206672683 0.24659774325278833 0.35668640134557345
0 0.8955756277385316 0.41915871163000784 0.813047948926363 0.2954112092723973 0.7468556458416075 0.3395551073288615 0.8293833246537758 0.4633026096864721
0 0.10708894218750009 0.6926081734375 8.482003826635291e-17 0.6926081734375 9.926336360276396e-17 0.9284855765625 0.10708894218750012 0.9284855765625
0 0.5821267516791282 0.7067247711283744 0.4698495826326524 0.6806075479653908 0.41027302793240084 0.9367253925595014 0.5225501969788766 0.9628426157224851
0 0.17075925868902214 0.20041838794213324 0.07872670676104274 0.14985132040293714 -0.014935929282792571 0.32031822376319363 0.07709662264518682 0.3708852913023898
0 0.250540224535808 0.4819127077821381 0.15709254325577576 0.42666951887767174 0.04439514151489723 0.6173049815983607 0.13784282279492946 0.6725481705028271
0 0.12427403906250005 0.49848076875 6.236337188492224e-17 0.49848076875 7.011044046396708e-17 0.625 0.12427403906250008 0.625
0 0.07115625000000005 0.28466586562499996 3.4861514116416676e-17 0.28466586562499996 4.454534974454717e-17 0.44281490312500005 0.07115625000000005 0.44281490312500005
0 0.32282307907428365 0.09922201395831598 0.2882096188711133 0.08316828984940591 0.26357695 0.13627882656250007 0.2981904102031704 0.15233255067141013
1 0.3303280900839606 0.19770419331530978 0.32822078245753683 0.14922411306820565 0.22811153216841568 0.15357561136471337 0.23021883979483948 0.20205569161181747
0 0.18157731572763353 0.12169242984973341 0.15926667673930042 0.05849778729888697 0.052492707087986 0.0961939494114426 0.07480334607631914 0.15938859196228905
0 0.7958521197749598 0.2891039115948585 0.6991143001187703 0.23110104021868452 0.6663021006563103 0.285825583311326 0.7630399203124999 0.3438284546875
0 0.7125255524172748 0.16321127485532758 0.639165865625 0.12651923125000006 0.6242339569635902 0.1563731187683512 0.697593643755865 0.1930651623736787
1 0.9135683931140661 0.14442640418474095 0.8634621961443593 0.060881685733359434 0.8286747092384716 0.08174558596903836 0.8787809062081784 0.16529030442041986
2 0.958776835337855 0.13803806693324608 0.9133378821618114 0.1121407740330405 0.8850205048799644 0.16182596643274466 0.9304594580560079 0.18772325933295023
0 0.961697115625 0.0797644234375001 0.9245625000000001 0.0797644234375001 0.9245625000000001 0.10926682656250013 0.961697115625 0.10926682656250013
0 0.46777882249518116 0.3078286425718463 0.45098206997908646 0.20096383310695803 0.38817264013098896 0.21083606751338477 0.40496939264708376 0.317700876978273