0 0.5920670820263406 0.5364596057467323 0.29131229404438846 0.518351949673729 0.2754915738242121 0.7811224229121108 0.5762463618061642 0.7992300789851141
0 0.28547784121076925 0.846409263591257 0.2721919475181001 0.49839172895122436 0.09622397809105433 0.5051094701637202 0.10950987178372347 0.8531270048037529
0 0.5813421302774179 0.35545902250200667 0.40337973975729985 0.2193741005361737 0.2296680625752713 0.44654214300552597 0.40763045309538937 0.582627064971359
0 0.16539205000000007 0.35179591875 4.3082574585028984e-17 0.35179591875 5.951179157201183e-17 0.6201053937500001 0.16539205000000007 0.6201053937500001
1 0.34210082436059847 0.23505250717812923 0.050686912586304735 0.1372520790060779 -0.016728930012099186 0.3381296699773536 0.2746849817621946 0.435930098149405
1 0.436502117868731 0.1139662586298166 0.33689346774478934 -0.02123671999095167 0.16996263410335471 0.10174692410262169 0.26957128422729626 0.23694990272338995
0 0.6936016020270699 0.7598217162408958 0.6731512085997506 0.6306729197519445 0.5998461852301877 0.6422805894233737 0.6202965786575069 0.771429385912325
0 0.8161949349944525 0.30293382287731907 0.7779258615797513 0.2308399573727457 0.6794179646816568 0.2831302030397899 0.7176870380963578 0.3552240685443633
0 0.3990683105629712 0.34929724913340615 0.2764409620440208 0.11836407095702162 0.15882309629786487 0.18082009017784018 0.28145044481681525 0.41175326835422477
0 0.5884420398099767 0.11059516361152844 0.5143422192696362 -0.06782830519017014 0.1866685886225598 0.06825557093789578 0.2607684091629003 0.24667903973959432
0 0.7128455992502503 0.34122445425800185 0.6079990438896183 0.07867238996724976 0.4593001702118193 0.13805323975503841 0.5641467255724513 0.40060530404579053
0 0.9409998525774951 0.43186156399725295 0.8826040570243086 0.2204845507188813 0.7178934631530226 0.2659881086317025 0.7762892587062092 0.47736512191007413
1 0.8780934365626415 0.5542592882140893 0.7957155604015698 0.4800859161227139 0.7381096247853133 0.5440637898061788 0.8204875009463851 0.6182371618975541
0 1 0.2959547750000001 0.9062397656250001 0.2959547750000001 0.9062397656250001 0.49049744375000015 1 0.49049744375000015
0 0.9241516189255436 0.20697881100218402 0.8624415688466167 0.1555964128820339 0.7884042466877401 0.24451493411279374 0.8501142967666672 0.2958973322329438
0 0.9154919124800841 0.5190241197142561 0.9040080329601261 0.4212418754086197 0.7858053562499999 0.43512399999999996 0.7972892357699579 0.5329062443056365
0 0.8119501145809618 0.4987932239875324 0.7036483153772737 0.3241083667225955 0.5431694075461421 0.42360270598289357 0.6514712067498301 0.5982875632478304
0 0.4068482457814426 0.7882486450621295 0.2913544904907762 0.729418874087231 0.24809137466877482 0.8143523971837249 0.3635851299594412 0.8731821681586235
0 0.1359362157028224 0.7599447023905259 0.04614924109389329 0.564306751045924 -0.040352954902953896 0.6040064638174246 0.04943401970597523 0.7996444151620266
0 0.7422490914237125 0.6027880861610139 0.6501398824936004 0.5574551230633522 0.621457184464256 0.6157337010546613 0.7135663933943681 0.661066664152323
0 0.6575286215551895 0.8766398012792562 0.6559172866069283 0.848951744176723 0.5616774335354392 0.854436129311107 0.5632887684837005 0.8821241864136402
0 0.6865549283944465 0.8519666281547309 0.6298473228281408 0.7773564399335953 0.5898647306506369 0.807745279859857 0.6465723362169427 0.8823554680809927
0 0.9484982313556326 0.6376060446290317 0.9114722263309675 0.6012302494689117 0.8749853484641547 0.638369322780828 0.9120113534888198 0.6747451179409482
1 0.9248739440979039 0.5735871690999799 0.8863165113587772 0.5456061247651838 0.8359812080658069 0.6149673697530537 0.8745386408049335 0.6429484140878498
0 0.5412881061677111 0.8315890729620504 0.53367768125 0.7723015171875001 0.41827936785733566 0.7871145785160015 0.4258897927750468 0.846402134290552