1 0.503949904490334 0.23041514268435645 0.42899656081210075 0.10949733151708348 0.25098381805436154 0.21984211991693367 0.3259371617325949 0.3407599310842066
0 0.7223758918662486 0.3439830089418048 0.7151683665957072 0.21840743971646143 0.5190628320666412 0.2296630972024723 0.5262703573371827 0.35523866642781565
0 0.2427273 0.2804672328125001 0.16204341096530858 0.20323062355356186 0.03774195092704469 0.33307999556514845 0.1184258399617361 0.4103166048240866
1 0.4325175667223268 0.4096243826356468 0.41478675015821614 0.2633876312679422 0.15702926662002106 0.294640039543553 0.17476008318413166 0.44087679091125764
1 0.4026729651039151 0.3979230786276798 0.29234039534333317 0.35932212452350787 0.23907382729831772 0.5115732144544245 0.34940639705889964 0.5501741685585964
0 0.6278053238072114 0.4955207461467914 0.570525420045396 0.3564627636938932 0.37634817372112506 0.4364470535994077 0.4336280774829405 0.575505036052306
0 1.0590628913489741 0.4100752346261888 0.6546968517785587 0.287882417693445 0.5657629058801517 0.5821866852356383 0.9701289454505672 0.7043795021683821
0 1.0184869548968853 0.7130158330521155 0.36695286450841863 0.5110818790994193 0.293487349739182 0.7481162480263392 0.9450214401276487 0.9500502019790353
1 0.7576447960461125 0.8859483963873844 0.07045069773986652 0.4747557590679028 -0.05834626909567513 0.6900040574472381 0.6288478292105708 1.1011966947667198
0 1 0.7444447109375002 0.6591802890625001 0.7444447109375001 0.6591802890625001 1 1 1
0 0.8385777562407277 0.1994958158134617 0.837845555959684 0.04409014759580547 0.7308351075314564 0.04459433178234375 0.7315673078125001 0.2
0 1.0193817128411458 0.1491933796976606 0.973483486601942 0.051558227141897284 0.8520431841517742 0.10864723996677803 0.8979414103909782 0.20628239252254135
1 0.7626866546497786 0.2590473211835681 0.6887239247556796 0.12340376338731289 0.6236159305616954 0.15890537560357082 0.6975786604557944 0.294548933399826
0 0.47175720928380455 0.008745855748184428 0.3922560093237387 -0.01652916508183506 0.3452744349193036 0.13124881564803587 0.4247756348793694 0.15652383647805534
0 0.6153247935758092 0.05749336159138614 0.4359003118377241 0.005383053207179578 0.403528678290907 0.11684398583741559 0.5829531600289921 0.16895429422162217
1 0.9318445860781421 0.31895674848240707 0.9213331808462863 0.23911547250300416 0.7278654168537082 0.2645862336059665 0.7383768220855641 0.3444275095853694
0 0.12064903906250005 0.38621875 4.818131432312532e-17 0.38621875 7.065269990665089e-17 0.7532043265625 0.12064903906250006 0.7532043265625