1 0.503949904490334 0.23041514268435645 0.42899656081210075 0.10949733151708348 0.25098381805436154 0.21984211991693367 0.3259371617325949 0.3407599310842066
0 0.7223758918662486 0.3439830089418048 0.7151683665957072 0.21840743971646143 0.5190628320666412 0.2296630972024723 0.5262703573371827 0.35523866642781565
0 0.25932932656249996 0.2944447109375 0.17864543830831428 0.21720810242571992 0.05434397752289235 0.3470574752178123 0.13502786577707804 0.42429408372959243
1 0.4313473618971235 0.4186371883196272 0.4124826416474258 0.27047077332993785 0.14327686259434746 0.30474636616109096 0.1621415828440452 0.4529127811507803
0 0.6227712009296551 0.5241003426823523 0.6068034443349409 0.3724702805922642 0.38698713080376207 0.39561854909279315 0.4029548873984762 0.5472486111828812
1 0.423990402055271 0.42146806680669047 0.3128130341821125 0.35478386807007034 0.22666991251442742 0.49840358171793187 0.3378472803875859 0.565087780454552
0 1.0590628913489741 0.4100752346261888 0.6546968517785587 0.287882417693445 0.5657629058801517 0.5821866852356383 0.9701289454505672 0.7043795021683821
0 1.0132933204069194 0.7271524285017347 0.3636849623067205 0.5139201334731711 0.29342104785650686 0.7279778872181274 0.9430294059567059 0.9412101822466908
1 0.7583207246868691 0.8828237354351494 0.06662991624061498 0.4798754943945752 -0.05887657329927896 0.6953167753663397 0.6328142351469751 1.0982650164069139
0 1 0.7444447109375002 0.6591802890625001 0.7444447109375001 0.6591802890625001 1 1 1
0 0.8385777562407277 0.1994958158134617 0.837845555959684 0.04409014759580547 0.7308351075314564 0.04459433178234375 0.7315673078125001 0.2
0 1.0193817128411458 0.1491933796976606 0.973483486601942 0.051558227141897284 0.8520431841517742 0.10864723996677803 0.8979414103909782 0.20628239252254135
1 0.9249206734375001 0.2531105765625001 0.7482331734375001 0.2531105765625001 0.7482331734375001 0.3266394234375001 0.9249206734375001 0.3266394234375001
1 0.7647233994662155 0.3130513076917399 0.6959326921875002 0.13291826874999998 0.6138488466420309 0.16426513229265044 0.682639553920746 0.3443981712343903
0 0.46926258602967774 0.0025984173389724586 0.3972943699128427 -0.020859939341871803 0.3479717322855896 0.13045766114073565 0.4199399484024246 0.1539160178215799
0 0.6266308662947477 0.05839251133451413 0.44382072163220326 0.002734363088294689 0.4061171376301494 0.12657243285699266 0.5889272822926939 0.1822305811032121
0 0.12205288437500003 0.3930985578125 4.969931703491275e-17 0.3930985578125 7.5414839061741e-17 0.813064903125 0.12205288437500006 0.813064903125