0 0.8902550152057958 0.6213997053678422 0.7270386477020039 0.5945896808676142 0.6755914250864464 0.907794496976561 0.8388077925902382 0.9346045214767889
0 0.7182784911709916 0.14070358768961833 0.4977565224850494 -0.08125636568637166 0.36174714590026413 0.05387186365425038 0.5822691145862062 0.2758318170302404
2 0.6483328445589318 0.6546017395364221 0.4315628842725999 0.5706135170250668 0.368860493547846 0.7324456684963682 0.585630453834178 0.8164338910077232
0 0.5384435827589571 0.05284555756637521 0.3150453458870023 0.015913190846447794 0.254969041242594 0.37930556797514614 0.4783672781145488 0.41623793469507353
0 0.49481820937500015 0.807881453125 0.22240734843750007 0.807881453125 0.22240734843750007 1 0.49481820937500015 1
0 0.42595170199418203 0.40167675388482016 0.2524681174245367 0.3960581203486465 0.2385291707780242 0.826443624901209 0.41201275534766957 0.8320622584373828
0 0.3803666734375 0.003935895312500047 1.0768107000898983e-17 0.003935895312500022 3.2003389405822246e-17 0.350734375 0.3803666734375 0.35073437500000004
1 0.991474568127009 0.2471360548007623 0.9855888017556967 0.07858975191224198 0.7584556159110711 0.08652141724184292 0.7643413822823832 0.2550677201303632
1 1.0628616105196111 0.5130585665965789 0.8738636833362767 0.33813904140793294 0.8007765868791653 0.4171085544988541 0.9897745140625 0.5920280796875
0 1.0065300768900867 0.8999241501611248 0.9952686102692254 0.577438028044319 0.8245362051129321 0.5834001366434312 0.8357976717337934 0.9058862587602372
1 0.7309936329773778 0.5457954220491193 0.6459418233073897 0.4563758615753183 0.5128682135870961 0.582949412888454 0.5979200232570843 0.6723689733622551
1 0.9636882554714014 0.22467645386556243 0.6567940689376488 0.13649661634780924 0.6225394202753451 0.25571380739900273 0.9294336068090976 0.3438936449167559