0 0.946163994460853 0.17656607984823852 0.6349454575690191 0.114219504710282 0.6024555947209127 0.2764007882375659 0.9136741316127466 0.3387473633755224
0 0.2784137262354095 0.40927399017701305 0.14643378835060558 0.2695293685697017 -0.08063749312457946 0.48398380180529044 0.051342444760224426 0.6237284234126017
2 0.7894085834607222 0.38372576022587007 0.6120713251686032 0.3550129789389719 0.5755215789130768 0.5807532765250276 0.7528588372051958 0.6094660578119258
0 0.4155339893800103 0.5186962904188636 0.054459614697782655 0.44597436978516003 0.009753258855922552 0.6679475979295156 0.3708276335381502 0.7406695185632192
0 1 0.5217644234375002 0.8011706734375 0.5217644234375002 0.8011706734375 0.7952019234375002 1 0.7952019234375002
0 0.828789264936167 0.599522451606032 0.3991524016036917 0.5705717579422781 0.38748270074027874 0.7437535729694654 0.8171195640727541 0.7727042666332193
0 0.3349687500000001 0.602271634375 7.386592588204098e-17 0.602271634375 9.82197643766792e-17 1 0.3349687500000001 1
1 0.26586276249999996 2.2773693568591878e-17 0.0972137234375 1.24469182752335e-17 0.09721372343750001 0.227271634375 0.26586276249999996 0.227271634375
1 0.6215346131278627 0.04250165451845591 0.582227879231029 -0.0481741167072387 0.33755084306236677 0.05789010553587222 0.37685757695920047 0.14856587676156682
0 0.9204582024745722 0.1634420934315659 0.9118023800388741 -0.005262379598448391 0.589791126324414 0.011259246558748848 0.598446948760112 0.17996371958876314
1 0.6756813301557271 0.40815521806780025 0.5538290863037834 0.270745319868223 0.4614957331642334 0.3526246197574262 0.5833479770161772 0.4900345179570035
1 0.3635365972480594 0.06736309917455532 0.2475299263964849 0.026434039525192334 0.14137462361334516 0.3273137414927549 0.2573812944649197 0.3682428011421179