0 0.8633992651366442 0.15649167751320023 0.6904723092452293 0.14006053089373668 0.6634564828392953 0.4243842442330804 0.8363834387307103 0.44081539085254395
1 0.4925907115298518 0.3795916714812419 0.43743438354015296 0.23977327444905408 0.13119468212175997 0.3605803912050257 0.18635101011145877 0.5003987882372136
1 0.7543702169693184 0.4409560820702688 0.5712825658643148 0.2544393516495388 0.48385315268687307 0.3402613894905344 0.6669408037918766 0.5267781199112644
1 0.20613461562500004 0.296596153125 3.632255295639495e-17 0.296596153125 4.747831989237787e-17 0.478783653125 0.20613461562500007 0.478783653125
0 0.7291049585065132 0.6174440698675367 0.6264505445812615 0.38214776528550615 0.42207360525447835 0.4713127649810853 0.5247280191797301 0.7066090695631159
0 0.515319932835004 0.4614192889675831 0.2917961481055826 0.4428783156252362 0.26697743940347246 0.7420843820361207 0.4905012241328938 0.7606253553784675
1 1.0003253391302562 0.5740540173615678 0.7021735438507093 0.573416649920961 0.7018130774726284 0.7420379049703026 0.9999648727521754 0.7426752724109095
0 0.4381973474811104 0.9813972394091826 0.2893590794655646 0.5481944321160047 0.057207511798403686 0.6279562357492152 0.20604577981394945 1.0611590430423932
2 0.4471518537857297 0.19023834385809724 0.2774406460881455 0.08683751998434931 0.20286719577195655 0.20923451684763444 0.3725784034695408 0.3126353407213823
0 0.346335716743021 0.22123842113550674 0.08965388814729972 0.06263230551577217 -0.02745162700104766 0.2521512130904917 0.22923020159467367 0.41075732871022624
0 0.3182242136618131 0.1183104114191362 0.2312049839260788 0.012792867829808086 0.18994257430439127 0.046821551403927505 0.27696180404012555 0.15233909499325562
0 0.24812301399086695 0.038932970317763126 0.15233571381232278 0.025730555759975425 0.1371598154464559 0.1358360463797123 0.23294711562500003 0.14903846093750003