0 0.4702155461615414 0.11634561734632434 0.45542859878794584 -0.02188147304222609 0.15528214096866694 0.010226920932276696 0.17006908834226245 0.1484540113208271
0 0.5239282346995668 0.200025317656279 0.4826830298366677 0.07959310228271896 0.2216869056152019 0.16897814413839124 0.26293211047810094 0.2894103595119512
1 0.5551693250529175 0.2952090743820695 0.2217344584955871 0.1832655445400333 0.17489393404178677 0.32278467568380964 0.5083288005991171 0.4347282055258458
2 0.5627679289057298 0.3488213907854402 0.4326084468038428 0.31226973659812607 0.3767022555346749 0.5113502177329424 0.5068617376365618 0.5479018719202566
0 0.26038233849630255 0.17433702158634584 0.19434946758225333 0.09078087339891971 0.007878781738411878 0.2381451906237956 0.07391165265246105 0.32170133881122165
0 0.39374747406189403 0.4577761267038912 0.18682789881443207 0.2237475114823606 -0.016863608466315516 0.40384412115614216 0.19005596678114647 0.6378727363776727
0 0.5865004119233738 0.5749841065252459 0.32837005937499997 0.47307963437500006 0.2707367203627359 0.619068459044456 0.5288670729111097 0.7209729311947017
0 0.82613355 0.7421770437500002 0.4298949937500002 0.74217704375 0.4298949937500002 1 0.82613355 1
0 0.44454490980305794 0.9559556941873272 0.26370848063726837 0.7597707611501701 0.14846660312499999 0.8659967046875 0.3293030322907896 1.0621816377246571
0 0.674528095362793 0.22286988109248992 0.5010280697798324 0.10584263633431756 0.42005398035322716 0.22589166095336335 0.5935540059361877 0.3429189057115357
1 0.8184484015625 0.4080862500000001 0.7844805531221379 0.39196654593709734 0.7633630763266701 0.4364658275884345 0.797330924767032 0.4525855316513373
0 0.8098732614084172 0.7671495115783753 0.753685015085437 0.5452587237895281 0.38430887707564343 0.6387939157420469 0.4404971233986236 0.860684703530894
0 0.7628142719234489 0.3186849580823489 0.7017928483762328 0.006517738877354984 0.47828520186187334 0.05020828011588864 0.5393066254090894 0.3623754993208826
0 0.8365167583580189 0.3072725264421647 0.8362657427625664 0.09291692361633908 0.7469187815827162 0.09302155106888414 0.7471697971781687 0.30737715389470976
1 1.053375914222491 0.26488557090468545 0.9690499524901958 0.2165588098647731 0.857064421870032 0.41196374424155924 0.941390383602327 0.4602905052814716
0 0.9074237214754888 0.5281477785487166 0.7626695888820152 0.5065056608266223 0.7273598438856446 0.7426762414823376 0.8721139764791183 0.764318359204432
0 0.7660816638556555 0.6021152439452184 0.6746314732447397 0.4495172286769657 0.5972114632501135 0.49591412747451225 0.6886616538610293 0.6485121427427648
1 0.9425921594951235 0.29024905318667715 0.8804544362847688 0.2549454453769956 0.755783501468424 0.4743782036875993 0.8179212246787788 0.5096818114972809
0 0.960053850997187 0.2777230952468293 0.9586433854310614 0.1752763966264128 0.8540676298591995 0.17671617462094039 0.8554780954253249 0.2791628732413569