1 1 0.3823276968750001 0.9000906390625 0.3823276968750001 0.9000906390625 0.6835521312500001 1 0.6835521312500001
0 0.9071787957699584 0.6478221834616436 0.8979756772240662 0.37212444018742047 0.7722813649831411 0.3763202658128302 0.7814844835290333 0.6520180090870533
1 0.8961321847879038 0.6530688483644778 0.676898235923008 0.37802950742134606 0.5618135395637037 0.4697635566313626 0.7810474884285995 0.7448028975744944
2 0.6940694611971508 0.4736942999802114 0.6024684829253028 0.37688507320139447 0.45057476958200054 0.520607042672125 0.5421757478538487 0.6174162694509419
0 0.9888867645726893 0.6777559026015161 0.9055521809945375 0.6172097841272163 0.7746060624783272 0.7974416558425882 0.857940646056479 0.8579877743168879
0 0.8673988009777348 0.7016302878337172 0.583573225850613 0.5811696456888839 0.47641264502479996 0.833658034778443 0.7602382201519219 0.9541186769232762
0 0.583997765625 0.6520720812499999 0.39995310511123305 0.4443622773110997 0.28248024770364716 0.5484510191574937 0.46652490821741416 0.756160823096394
0 0.22874350000000004 0.3026053875 4.3073032098899814e-17 0.3026053875 6.963124478225852e-17 0.7363339156250001 0.22874350000000007 0.7363339156250001
0 0.33671179113471517 0.8108882282815552 0.07885014928117506 0.7031874166533869 0.01844545814645997 0.8478107727468318 0.2763071 0.9555115843750002
0 0.8700237304308722 0.36792205074584794 0.7133507218781581 0.23183576720287408 0.618095188914842 0.341501271632218 0.7747681974675562 0.4775875551751919
1 0.5040992972726874 0.19632685003366407 0.4774549046875 0.1693200328125001 0.4424403128632342 0.2038647376970404 0.4690847054484216 0.23087155491820438
0 0.40831703365937305 0.36969126448593403 0.18528523620203347 0.24998477358308063 0.016712979153073793 0.5640610881379999 0.2397447766104134 0.6837675790408534
0 0.934431302325186 0.3495336658753733 0.8891856712360147 0.13509471521816568 0.5725605323620424 0.20190116144980258 0.6178061634512138 0.4163401121070103
0 0.797862935505145 0.13015456133674616 0.7696010658954291 0.044985949997371 0.5650513006361708 0.11286258557405651 0.5933131702458866 0.19803119691343168
0 0.5708566752182203 0.0068914887808448014 0.5073060971366541 -0.05944870865141301 0.3800864671946158 0.062421308910641904 0.44363704527618186 0.1287615063428997
0 0.4032405511107372 0.25700161196548765 0.33581842125534356 0.12718744504829652 0.12330719597692896 0.2375602939191745 0.19072932583232255 0.36737446083636566
0 0.48771080690118457 0.3186339688366029 0.3130377688832934 0.2848904943924496 0.295918148529604 0.3735101800102113 0.47059118654749527 0.4072536544543645
1 0.599089451461372 0.05756583154804864 0.5439755927638551 0.01162466694011619 0.3826650056055354 0.2051428109168592 0.43777886430305235 0.25108397552479167
0 0.6646245671875 7.556865948349047e-17 0.5619511125 6.928172360146808e-17 0.5619511125 0.08964709062500006 0.6646245671875 0.08964709062500008