0 0.668271634375 0.2086850968750001 0.579072115625 0.2086850968750001 0.579072115625 0.3327692312500001 0.668271634375 0.3327692312500001
0 1.004563418832372 0.2665784907919088 0.9328722291456051 0.20910200755657038 0.8354128116405514 0.3306644482944335 0.9071040013273184 0.3881409315297719
0 0.6291157947355421 0.35227453669467557 0.49391079095630097 0.28029550934754516 0.439508886908058 0.38248374269179375 0.5747138906872993 0.4544627700389242
0 0.5590549903191289 0.4171281284103291 0.45288814884499307 0.36296252674516905 0.37930784339694634 0.507182998483156 0.4854746848710822 0.561348600148316
0 0.13178605781250002 0.3153269234375 3.956889739960628e-17 0.3153269234375 4.939124182450224e-17 0.47573798125 0.13178605781250002 0.47573798125
1 0.44572842216275477 0.593704582213436 0.4209425099013401 0.4821679599124469 0.3065722583404199 0.5075835674682779 0.3313581706018346 0.6191201897692672
1 0.7215595870883298 0.6216658369175423 0.5457046931261915 0.5666831452828927 0.52156541291167 0.6438894521449576 0.6974203068738083 0.6988721437796073
0 0.6449799073682569 0.5711865765138777 0.6188733172233953 0.4867552560509685 0.4852396946424468 0.5280754461790685 0.5113462847873085 0.6125067666419778
1 0.38329290377985126 0.4824297112174973 0.3458210370350071 0.32567123707431433 0.23844640752179233 0.3513382884467404 0.2759182742666365 0.5080967625899234
0 0.08089903906250008 0.586822115625 7.200201938562164e-17 0.586822115625 8.654705517869654e-17 0.8243605765625001 0.0808990390625001 0.8243605765625001
1 0.4451432346840612 0.1665238628242942 0.41320642162921517 0.04138822552147884 0.3563682841342923 0.05589431675724983 0.3883050971891383 0.18102995406006522
0 0.6287669716729443 0.2477658378817708 0.23156469530620435 -0.1130525628703769 0.021339851455264208 0.11837074135238823 0.4185421278220042 0.4791891421045359
0 1.03559512244662 0.38045160712716564 0.5787845672373197 0.31622777874983676 0.5376769343201186 0.6086177077014331 0.9944874895294191 0.6728415360787621
0 0.7163549039432919 0.3152532049092803 0.7129260492442879 0.21285441622184562 0.6600647020881842 0.21462449456862331 0.6634935567871884 0.31702328325605805