0 0.6211619922321664 0.6853863256728465 0.5277118577306281 0.6809676036639273 0.5216810025814934 0.8085122248707695 0.6151311370830317 0.8129309468796887
0 0.9507542437370018 0.8254081377189648 0.8782806379678035 0.6874830083802342 0.7969395876822356 0.7302241625086531 0.8694131934514339 0.8681492918473837
0 0.6023804640772014 0.6663035802349553 0.5579772882226516 0.558577377732477 0.4201722445305157 0.6153786150040224 0.4645754203850655 0.7231048175065007
0 0.542157284751287 0.5926175054522671 0.4974474208207491 0.43700698587468184 0.3828958797737101 0.4699198238187323 0.4276057437042479 0.6255303433963174
0 0.11329697187500007 0.428411759375 5.390082254858183e-17 0.428411759375 6.45044158563131e-17 0.6015815796874999 0.1132969718750001 0.6015815796874999
1 0.46460522152595285 0.39766152874358013 0.3571857993955284 0.3508900057397254 0.3115730843017331 0.45564801194729265 0.4189925064321575 0.5024195349511473
1 0.7407038500791424 0.42284506892148954 0.7317397337383988 0.3424512675769454 0.5486245969679409 0.3628690779343226 0.5575887133086844 0.44326287927886676
0 0.655899257124085 0.4577847915182015 0.5326051249292559 0.3917252729454794 0.49086793125766903 0.46962397982631854 0.614162063452498 0.5356834983990406
1 0.382084574109768 0.4949787104141241 0.2815802225449182 0.4492951876650936 0.21488589031296113 0.5960235967426477 0.3153902418778109 0.6417071194916784
0 0.13622633727461025 0.09292665279751677 0.05027058764293263 0.08404423636711181 0.025868572491192822 0.3201842013558648 0.11182432212287048 0.3290666177862697
1 0.3825208617984692 0.8168820779964318 0.3294948937196392 0.7917972759058947 0.27426784341351224 0.9085399871320421 0.32729381149234227 0.9336247892225792
0 0.5782726122467331 0.7721698065195428 0.4160678388147071 0.5048856095549443 -0.0426841085422641 0.7832849931608294 0.11952066488976185 1.0505691901254282
0 1.016402692872921 0.4478620900703561 0.5807252550077588 0.3766005277909336 0.5309748038110396 0.6807637879932911 0.9666522416762018 0.7520253502727134
0 0.671803262045288 0.7176609846540157 0.622540688234815 0.7112195526907904 0.6090128541773809 0.81467728189678 0.6582754279878539 0.8211187138600055