0 1.0870269904265353 0.9829098789095271 0.9089316035072568 0.07600550705726938 0.5497995583949539 0.14653087060663267 0.7278949453142325 1.0534352424588904
0 0.2053413468750001 0.8190745187499999 1.0030769876503461e-16 0.8190745187499999 1.1138618933988498e-16 1 0.2053413468750001 1
0 0.6364110578125002 0.8482644234375 0.3506418265625001 0.8482644234375 0.3506418265625001 1 0.6364110578125002 1
1 0.4725433263452351 0.12230724790900127 0.2707991765976968 0.09503038706413225 0.20627798863863545 0.5722397066970589 0.4080221383861737 0.599516567541928
2 1 0.25755769218750013 0.9221826921874999 0.25755769218750013 0.9221826921874999 0.5431129812500002 1 0.5431129812500002
0 0.12400721093750004 0.197459134375 0.031322115625000035 0.197459134375 0.03132211562500005 0.42238942343749997 0.12400721093750004 0.42238942343749997
1 0.23538456250000003 0.44965189375000003 0.23357627894696842 0.21598967014804807 0.17282550332231386 0.2164598130179675 0.1746337868753455 0.45012203661991945
1 0.18702036747340647 0.4054488954237482 0.17052219970954824 0.18263119783276072 0.11678368419064764 0.1866101773034084 0.13328185195450587 0.4094278748943959
1 0.2424396129538246 0.27943080162204065 0.21590250393095373 0.0847468563319771 0.14306073456950993 0.0946758207983763 0.16959784359238078 0.28935976608843983
0 0.40939520382290623 0.02710544587816035 0.30175283585579404 -0.015200017093086915 0.24415470795091831 0.13135313332077886 0.35179707591803056 0.17365859629202612
0 0.16527314677724872 0.09667483782733674 0.10256029229287582 0.06628086043568293 0.036298020515627125 0.20300190073334617 0.09901087500000003 0.23339587812499998
0 0.10191381349431602 0.07560774369524459 0.05492494526802409 0.06346043680969318 0.02209286302370807 0.19046326967694863 0.06908173125000001 0.2026105765625
0 0.14143492213250367 0.07045071099354194 0.12183286742879074 0.023255015751094583 0.08027554438148825 0.04051525348100603 0.09987759908520116 0.08771094872345339
0 0.9417020750000002 0.995764334375 0.9392604315503978 0.8498092909736507 0.7382877659253976 0.8531713097236505 0.7407294093749999 0.9991263531249999