0 0.5541484345591513 0.8539007626084096 0.1779774369005253 0.14172243347437452 -0.14581647556322452 0.31274965250725656 0.23035452209540144 1.0249279816412917
0 0.8848640171875 9.703166247315137e-17 0.6997832875000001 8.56987363133687e-17 0.6997832875000001 0.0486816671875001 0.8848640171875 0.04868166718750011
0 0.49394347424589835 0.17530128915782006 0.4902500807315002 -0.0013584330205586664 0.2324431390237886 0.004031491036429434 0.23613653253818673 0.18069121321480816
1 0.8309344008740414 0.8250251172360489 0.7652745501173656 0.34679203574014017 0.5655521481346314 0.3742132736560356 0.6312119988913072 0.8524463551519444
2 0.17463402838710673 0.8450859388370537 0.06676012459789168 0.5816169452809358 -0.01479845216396689 0.6150100286341011 0.09307545162524815 0.878479022190219
0 1.032813244367926 0.6507062646390424 0.9723316017406848 0.4377447100991452 0.8825299669701543 0.4632486109946269 0.9430116095973956 0.6762101655345241
1 0.9019355733982908 0.6693377581973202 0.8138243003474553 0.45210357599521966 0.7538887507399481 0.476413735305258 0.8420000237907835 0.6936479175073585
1 0.9524378165113772 0.6902842854915645 0.8805650716446948 0.479724108849121 0.8300800340137062 0.49695670376377343 0.9019527788803886 0.707516880406217
1 0.9303670454019268 0.8040646297397431 0.8919360013288464 0.6042494496020869 0.8231629454849937 0.6174767746649511 0.8615939895580743 0.8172919548026073
0 0.8593718586511248 0.908865270988397 0.7993966541821822 0.7618584530633117 0.6939301428730735 0.8048862232692707 0.753905347342016 0.9518930411943561
0 1 0.6377169156250002 0.9420249921874999 0.6377169156250002 0.9420249921874999 0.7959444546875002 1 0.7959444546875002
0 1 0.7909780218750002 0.968521178125 0.7909780218750002 0.968521178125 0.8375273921874999 1 0.8375273921874999
0 0.1240356520892764 0.09313578071722699 0.030657267431151658 0.056039722829137495 -0.048043793710353284 0.2541464322386458 0.045334590947771466 0.2912424901267353