2 1.028467904322166 0.4073615601284872 0.994411638346052 0.24797013889397065 0.714978734555139 0.30767499139026294 0.749035000531253 0.4670664126247795
2 0.3147964255492263 0.4758203735773902 0.23815357743968538 0.26031902222409264 0.11493803637688985 0.30414051076282905 0.1915808844864308 0.5196418621161267
2 0.7389429010652753 0.6373028843170259 0.7267543890496009 0.15519914331517817 0.45217260951125954 0.16214110006546917 0.46436112152693393 0.6442448410673169
1 0.2272406217687673 0.7479476242547973 0.13480386384994417 0.46576743127807696 -0.0025980249423000813 0.51077762493446 0.08983873297652305 0.7929578179111805
0 0.40510289511425296 0.5703007610245063 0.23784027566587068 0.5311624878968071 0.18336754202140673 0.7639589653540304 0.35063016146978904 0.8030972384817296
2 0.2553437500000001 0.7653052890625001 0.04606971093750003 0.6377548078124999 0.002955473380961715 0.7084930013977704 0.2122295124434618 0.8360434826477705
2 0.5027465171290657 0.8241062197790434 0.3740620481192858 0.7036614288067217 0.2686569836446071 0.8162772973998488 0.397341452654387 0.9367220883721703
0 0.5422072348582698 0.20174084526014813 0.518528925534566 -0.025949391459005555 0.2656977110206845 0.0003434166570125574 0.2893760203443886 0.2280336533761662
0 0.30318652985796213 0.7964786309990846 0.018749239572168987 0.7037487128412594 -0.030460975590298523 0.8546948209934314 0.25397631469549464 0.9474247391512565
0 0.25445544348464033 0.17021177025521034 0.0977131593509649 0.041997521971358295 0.019638254159981338 0.1374443162002037 0.1763805382936568 0.2656585644840557
0 0.4552747737044525 0.23321440922580128 0.3188035855596638 0.23039796374807103 0.31476757155844864 0.42596348435553305 0.45123875970323735 0.4287799298332632