0 0.8802641697173137 0.8518756557278202 0.6374595232523588 0.4087732576934677 0.4013529637060028 0.5381514104026871 0.6441576101709575 0.9812538084370395
0 0.6220213537776613 0.39070542201119474 0.41653210842655086 0.08687263368186696 0.25237943008344255 0.1978929425187356 0.45786867543455295 0.5017257308480634
0 0.2884258583893219 0.9197651611691924 0.07272719561796959 0.4558122448118732 -0.050878426464662896 0.5132783506477319 0.16482023630668938 0.977231267005051
1 0.5765894484375 5.85523398366826e-17 0.2741180015625 4.0031305374235736e-17 0.2741180015625 0.22912290781250005 0.5765894484375 0.2291229078125001
0 0.9702195428206097 0.09961243692370032 0.6528858198853406 -0.05456117181853535 0.39998356253081707 0.46598456567680113 0.7173172854660862 0.6201581744190368
0 0.5232256250000001 0.924266603125 0.2689810437500001 0.924266603125 0.2689810437500001 1 0.5232256250000001 1
0 0.5906040216367132 0.8795437527274927 0.2167396921738522 0.6717309214585407 0.1313241190310442 0.8253972556484304 0.5051884484939052 1.0332100869173821
0 0.3958338824344991 0.6810660516362574 0.22781486215590854 0.0895019307406297 -0.049914541900838334 0.1683840345124447 0.1181044783777522 0.7599481554080725
0 0.5732761620975027 0.683277693930676 0.5393580366084872 0.5681156344262078 0.4837574682609847 0.5844914014330318 0.51767559375 0.6996534609374999
1 0.5908214856820322 0.8730042844958452 0.4492408640599409 0.44109225281831177 0.23366892583936022 0.5117566631127113 0.3752495474614515 0.9436686947902448
1 0.6961035528550125 0.9018419757171998 0.5830836390031243 0.6953222345337833 0.5191126693258967 0.7303309627091729 0.6321325831777849 0.9368507038925893