0 0.5657350098215057 0.36051896816970974 0.09421425290307936 0.1823443490818965 -0.000903930872301495 0.43406481432037813 0.47061682604612487 0.6122394334081913
0 0.881745640693131 0.6198149086085012 0.6958996890997355 0.33878034908373966 0.5129544618816452 0.45976059400205305 0.6988004134750405 0.7407951535268145
0 0.6191652562599093 0.9134961749749337 0.12335147878323008 0.7812513103842675 0.08889902012598494 0.9104208151743498 0.584712797602664 1.042665679765016
1 1 0.32717950468750007 0.77282235 0.32717950468750007 0.77282235 0.6457910453125002 1 0.6457910453125002
0 1.0172915823381772 0.2599013917098937 0.8197509183603879 -0.03221789796714893 0.33715297126083993 0.2941306941089149 0.534693635238629 0.5862499837859574
0 0.1154252687500001 0.561531178125 6.876773599122235e-17 0.561531178125 8.500238023367687e-17 0.8266630390625 0.1154252687500001 0.8266630390625
0 0.38006569318641914 0.8087777086935979 0.11048914667713797 0.47667953779755223 -0.026010391436772994 0.5874813347047037 0.2435661550725082 0.9195795056007494
0 0.9516803060682231 0.7029454474466661 0.35029731567741856 0.6068009619793685 0.302968182988488 0.9028443097671479 0.9043511733792924 0.9989887952344455
0 0.4252857638234385 0.5175039214429445 0.4251272928518303 0.46554140024432256 0.30015381701749017 0.46592253394768973 0.3003122879890984 0.5178850551463118
1 0.566827038787624 0.539758769496982 0.1168915045358565 0.4753298111672196 0.08473431882670782 0.6998974730875809 0.5346698530784753 0.7643264314173432
1 0.2932178266798632 0.4520959401205114 0.07020988181191087 0.3766548269604259 0.046841456784673906 0.44573313481978244 0.2698494016526262 0.521174247979868