0 0.9964915783761203 0.4076476605644965 0.49283726590338645 0.3850577185988298 0.4807870183348336 0.6537241526910456 0.9844413308075675 0.6763140946567121
0 0.4820544709179629 0.4628911541389562 0.11733555004277689 0.4228070082753841 0.09571005694629 0.619573743243093 0.46042897782147596 0.6596578891066651
0 0.7652788468749999 0.0036466343750000316 0.24236057656249996 2.983724378680108e-17 0.24148606011679813 0.12540347622491005 0.7644043304292981 0.12905011059991003
0 0.2582395877938587 0.511274453130694 0.0035185720407815355 0.5078036801187811 -0.0008338943992282924 0.8272324266329303 0.25388712135384883 0.8307031996448432
0 0.7081176560587941 0.6354689279373936 0.4230112796717923 0.4276600068980095 0.08212709330634956 0.8953408680284303 0.36723346969335136 1.1031497890678144
0 1 0.32309766562500003 0.9992887711411156 0.005649055031624152 0.7844396598108939 0.006130414480632686 0.7851508886697784 0.3235790250740086
0 0.9578650032337436 0.21620070663854413 0.5757710790990918 0.052130178450709067 0.4965296021219894 0.23667085877169586 0.8786235262566411 0.40074138695953093
1 0.6109688043062389 0.3230214140536445 0.5477733684128738 0.02934472525506173 -0.05342689995225969 0.15871526935228206 0.009768535941105416 0.45239195815086475
0 0.6980606230981128 0.475806128170362 0.6845817312500001 0.421875 0.5661567569989436 0.4514727012571145 0.5796356488470564 0.5054038294274764
0 0.8719813390411145 0.4050757075916577 0.8331694152158573 0.18156205281912224 0.3853456510144715 0.2593242004651456 0.4241575748397288 0.4828378552376811
1 0.9480601465678905 0.41202271671978863 0.7125329708498458 0.40806524891137536 0.7113051238425432 0.48114009167548655 0.9468322995605879 0.4850975594838999