0 0.8249739852816417 0.8675458453160655 0.60524050998481 0.5174997638670213 0.3841186827284576 0.6563039674904144 0.6038521580252891 1.0063500489394586
0 0.5630845930926555 0.5166644462972074 0.3839639737453453 0.20531263957561893 0.21613815487459148 0.301862792713094 0.3952587742219017 0.6132145994346825
1 0.43334998955090487 0.2970009394526399 0.19440459136463523 0.077529264238257 -0.0028010629057668933 0.29223297731738795 0.23614433528050277 0.5117046525317709
0 0.548974884130812 0.45516876003753926 0.0015163016931086474 0.44119629539895644 -0.007368533153578502 0.7893152004151179 0.5400900492841247 0.8032876650537008
0 0.13683071048731352 0.44141053224298765 0.11897075216647987 0.28471314851208096 -0.017859958320833636 0.3003087553315933 1.1102230246251566e-17 0.4570061390625001
0 0.449703846875 1 0.24514216333956 0.7006789980066641 0.09400030949254563 0.8039722245751794 0.2985619930279856 1.1032932265685154
0 1 0.6237393093750001 0.9485392875 0.6237393093750001 0.9485392875 0.803645875 1 0.803645875
0 0.994904248238391 0.6998410118090742 0.9145656972618792 0.3994763467118004 0.7697344690446303 0.43821436207507236 0.8500730200211419 0.7385790271723462
1 0.8709830776686205 0.37380859524549276 0.5238095829417332 -0.11306462049160841 0.2869158846851705 0.055856590296287534 0.6340893794120579 0.5427298060333887
1 0.8172450780162824 0.8963771690396236 0.771606886264585 0.7192638754765021 0.6938878098588812 0.7392903683523981 0.7395260016105787 0.9164036619155196
2 0.7278997718750001 0.7006558281249999 0.5852279999702097 0.5868520266590103 0.556347886531436 0.6230579960909942 0.6990196584362264 0.736861797556984