0 0.8527027806407318 0.8956074488973931 0.8104174085611838 0.5840568815164122 0.5787509815397963 0.6154999347173381 0.6210363536193444 0.9270505020983191
0 0.8257039952610302 0.906569885023633 0.7507319751694795 0.8540739126702059 0.6557328646326243 0.9897467063066039 0.730704884724175 1.042242678660031
0 0.6612848515625002 0.8911786953125 0.5211503968750002 0.8911786953125 0.5211503968750002 1 0.6612848515625002 1
0 0.7295003612590941 0.4373280551171012 0.5736745674448188 0.284357941735086 0.41953627730034376 0.44137372009798403 0.575362071114619 0.5943438334799993
0 1 0.2903142109375001 0.8345759906250001 0.2903142109375001 0.8345759906250001 0.6981343890625002 1 0.6981343890625002
0 0.8728502802487939 0.26633264370999754 0.7951720083839466 0.15539657493765047 0.5677920932553621 0.31460970606283417 0.6454703651202094 0.42554577483518125
0 0.9542254495434227 0.16326271534438894 0.7639731086337086 0.11559747243077693 0.6505219622244182 0.5684294494413097 0.8407743031341323 0.6160946923549216
0 0.40626167088466847 0.9990645527976687 0.39331765309036226 0.7812422357961767 0.2465785888822773 0.7899621552441747 0.2595226066765835 1.0077844722456666
0 0.46102986855181055 0.6914776228169791 0.4317135699531489 0.5274915452505994 0.1542264023576466 0.5770987849824827 0.18354270095630826 0.7410848625488624
0 0.4432270476132268 0.32107662660906655 0.3747439786112294 0.24780525783918175 0.2127965514548742 0.3991693856675538 0.2812796204568716 0.4724407544374386
0 0.5861149227454256 0.05462289277941699 0.4248788668542301 -0.0163179403422532 0.3107766266513877 0.24301641434601012 0.47201268254258333 0.3139572474676803
0 0.7925667046900091 0.17635291041572293 0.7292591145966659 0.06776713730819081 0.5272664809954619 0.1855327200723003 0.5905740710888051 0.29411849317983235
1 0.3504415497385823 0.09487495391812159 0.25788404904233697 0.07505790070057354 0.2046278610387297 0.32379617697761287 0.2971853617349751 0.343613230195161
0 0.36678269948850784 0.08132598919177285 0.25381690558769754 -0.009556208525438082 0.0997366248491898 0.18196426165778914 0.21270241875000004 0.27284645937500007
0 0.6204017640625 0.5479824203125001 0.4645090979230705 0.49201966903558497 0.39263146024159407 0.6922456464633866 0.5485241263810237 0.7482083977403017
2 0.6782969932295502 0.5305734318195847 0.6002258070262857 0.518492378647182 0.546983716026816 0.8625578455359465 0.6250549022300804 0.8746388987083493
0 0.6630870392048089 0.865341218638249 0.563034753125 0.7529167375000001 0.39742475903116464 0.9003015271738443 0.49747704511097357 1.0127260083120933
0 0.5391838367570221 0.7702353521985635 0.4332176733822787 0.715548678516166 0.35327738287824 0.8704486809001478 0.45924354625298347 0.9251353545825454
0 0.7016652140625 7.758062759576182e-17 0.5562469125 6.86763247184638e-17 0.5562469125 0.10289752187500009 0.7016652140625 0.10289752187500009
0 0.23706956909390806 0.6102210363550633 0.14992456622792222 0.3489897025031409 -0.04640152246577238 0.41448275538315194 0.04074348040021347 0.6757140892350744
0 0.26790336908599255 0.30091095915536903 0.14548095292106017 0.1439216547492465 0.040806250157617886 0.2255484258985489 0.16322866632255031 0.3825377303046714
0 0.5598762734375 6.272779309456152e-17 0.4645463296875 5.689051757074479e-17 0.4645463296875 0.05759277812500006 0.5598762734375 0.05759277812500006
0 0.821438784375 0.11468656562499997 0.7559107539039319 -0.014918712172979553 0.4531350583743041 0.1381637497425768 0.5186630888453723 0.2677690275405563
0 0.6588424206969182 0.301678362793181 0.6345410786818366 0.21958435883534974 0.49301890202609167 0.26147753801804186 0.5173202440411733 0.3435715419758731
1 0.45146087232393883 0.5573813330676836 0.4458733523902863 0.48126840364952067 0.2655143520344492 0.494508723229986 0.27110187196810165 0.5706216526481489
1 0.31285130203267103 0.5316901662671236 0.2291290990912839 0.3588072322601667 0.13603984698648167 0.4038876637159782 0.2197620499278688 0.5767705977229352
0 0.4958107702179076 0.7445696455946335 0.43774808544881927 0.6354209074325758 0.32887676874723876 0.6933360152797584 0.38693945351632714 0.802484753441816
0 0.20649882992699437 0.6453874801770761 0.05450078899353099 0.6295960773526443 0.029863747993981716 0.8667366283197266 0.18186178892744506 0.8825280311441585
0 0.05910249843750008 0.657506153125 8.052128058442208e-17 0.657506153125 8.90740834239182e-17 0.7971840234375 0.05910249843750008 0.7971840234375
1 0.48448159898886567 0.35048438596090303 0.44236226840603454 0.30780572343862345 0.29687725301511975 0.4513840620264212 0.33899658359795093 0.49406272454870076
0 1 0.19158241875000012 0.912737046875 0.19158241875000012 0.912737046875 0.3576615921875001 1 0.3576615921875001
0 0.941078257299911 0.44256849644946783 0.9261100058044157 0.15467849175203138 0.836392574605625 0.15934316593939907 0.8513608261011203 0.44723317063683554