1 1 1.0861388711157054e-16 0.7737993875 9.476309430840574e-17 0.7737993875 0.0927085921875001 1 0.09270859218750013
0 0.9493537946611109 0.1553408207239772 0.8879716820175574 -0.05282157899104598 0.6523622866124509 0.016653996177355034 0.7137443992560046 0.2248163958923782
0 1 0.13405161562500015 0.784093334375 0.13405161562500012 0.784093334375 0.3570533718750001 1 0.3570533718750001
0 0.8896509636560384 0.21340197081440135 0.7486403350433823 0.17971253600681747 0.6572979270174832 0.5620356722746381 0.7983085556301391 0.5957251070822219
0 0.8350354082679452 0.9882392987322728 0.7262919237683008 0.591602510933768 0.5260513553060518 0.6465012440382636 0.6347948398056962 1.0431380318367682
0 0.6278265553496368 0.5851593332853217 0.27535885620468054 0.5211609311763774 0.2316313770999278 0.761987630618415 0.584099076244884 0.8259860327273593
1 0.7960911355008891 0.3239651389344552 0.6820062781935163 0.22846238045277484 0.4246214746546417 0.5359268877785114 0.5387063319620145 0.6314296462601918
1 0.5937166210462201 0.3625750617157878 0.36054175501538455 0.19135097642962018 0.2782712676197584 0.30338784229872584 0.511446133650594 0.4746119275848935
0 0.7246381222313679 0.08977127003528051 0.5462703471652415 0.032822661726433444 0.45718578001670956 0.3118429311742482 0.6355535550828361 0.3687915394830953
0 0.2715865421875 0.0050112765625000165 6.137043801907776e-19 0.0050112765625 2.124950916505917e-17 0.34201954375 0.2715865421875 0.34201954375
0 0.18358755625000006 0.526183915625 6.674033551144665e-17 0.526183915625 8.637887089377498e-17 0.8469055375 0.1835875562500001 0.8469055375
0 0.1647306328125001 0.8328967453124999 1.1214189582183577e-16 0.8328967453124999 1.2228335832695145e-16 0.998519396875 0.16473063281250014 0.998519396875
0 0.4711288207807831 0.9126500901393921 0.2901935163748782 0.8982512196736927 0.2837523786404893 0.9791901530065733 0.4646876830463942 0.9935890234722727
0 0.45008831613967965 0.793266105470819 0.2732535555435491 0.7677433455083454 0.25353705926858855 0.9043493357579688 0.4303718198647191 0.9298720957204424
0 0.2925386812500001 0.899523928125 0.1553021687500001 0.899523928125 0.15530216875000014 1 0.2925386812500001 1
0 0.6232175817681826 0.9966039957058719 0.5798458834627048 0.8150673281816733 0.4372779213091116 0.8491288471402505 0.48064961961458935 1.0306655146644492
1 1 0.4297168625000002 0.7045440843749999 0.42971686250000013 0.7045440843749999 0.7116011015625001 1 0.7116011015625002
0 1 0.6953144562500002 0.7653052890625001 0.6953144562500002 0.7653052890625002 0.9508895015625001 1 0.9508895015625001
0 0.9140654796875 1 0.8874624323419944 0.7751796910677162 0.7789241796875 0.7880230515625 0.8055272270330056 1.0128433604947837
0 0.51400472527072 0.4903008626357571 0.27267402714462763 0.24915120802369933 0.08991182268939162 0.43205062151529294 0.331242520815484 0.6732002761273507
1 0.3837561380727615 0.5692496236745166 0.2785003435839446 0.4766023787325917 0.10339908329354972 0.675533521039215 0.2086548777823666 0.7681807659811398
0 0.11489881009575904 0.4656208093529625 0.011096744074223341 0.40362132879562945 -0.034128852770305286 0.4793398726821052 0.06967321325123041 0.5413393532394382
0 0.4201896009149639 0.1418119065885653 0.2324455583357516 -0.09393465228261502 0.114493634375 -1.1102230246251566e-17 0.3022376769542122 0.23574655887118032
0 0.564199721875 6.086635761008606e-17 0.41620444218749997 5.180426033217535e-17 0.41620444218749997 0.13405161562500006 0.564199721875 0.13405161562500006
0 0.1775308548978606 0.08332761637918548 0.08346810915458543 -0.024834261987376628 0.04106963614170247 0.012037479213327576 0.13513238188497764 0.12019935757988968
0 0.9356052194514021 0.44148618804288214 0.818698803125 0.3407667265625002 0.6747847864888579 0.5078096366096972 0.7916912028152601 0.6085290980900793
0 0.7900614871527637 0.5974860344004289 0.6781955546678207 0.5403213080207122 0.619881495640057 0.6544363751827834 0.731747428125 0.7116011015625002