0 0.4949878131510436 0.3296476608043568 0.002949477583538571 0.3271879106075459 0.0013658295514426878 0.6439743643082038 0.4934041651189478 0.6464341145050148
1 1.0587154823768095 0.8958407202504424 0.9643329932356707 0.4872042735366987 0.36955093685187657 0.6245806907149551 0.4639334259930152 1.0332171374286987
0 1.005951526082237 0.9826365566124385 1 0.8122071359374999 0.8022332879802629 0.8191133012000613 0.8081848140624999 0.9895427218749999
1 0.9903367505094657 0.3982499361475907 0.657427548578563 -0.11783509593101163 0.39616546160304983 0.050696342618001024 0.7290746635339526 0.5667813746966033
0 0.9908469940151242 0.22916466874074168 0.9827369819051596 -0.0030757250413541047 0.8134203872614496 0.0028369398943885902 0.8215303993714143 0.23507733367648437
1 0.5411228189849548 0.3383791962190588 0.5080199547934489 0.1161185002595875 -0.014095033187722622 0.19388079406002678 0.01900783100378341 0.4161414900194981
0 0.6348456823302877 0.8411034403085964 0.598576459117319 0.5062137572049001 0.007266941679018024 0.5702537618928971 0.043536164891986626 0.9051434449965934
0 0.12816542656250007 0.313375125 3.8700490021373524e-17 0.313375125 6.14821077244846e-17 0.6854271765625 0.1281654265625001 0.6854271765625
2 0.6342041227478115 0.299835954761991 0.4817826337929322 0.27905106006090474 0.447622673135503 0.5295556760777157 0.6000441620903822 0.5503405707788019
0 1 0.32033948593750006 0.82171225625 0.32033948593750006 0.82171225625 0.6392189859375002 1 0.6392189859375002
0 0.8641733109419253 0.489850096571631 0.6299885951494457 0.41061040899486123 0.5900111429997452 0.5287596414828716 0.8241958587922247 0.6079993290596414