0 0.9811149778357283 0.7200421706639057 0.815217492332916 0.45606171837336423 0.615353356009491 0.5816655552125951 0.7812508415123034 0.8456460075031366
0 0.9586716185736979 0.7469868616754403 0.8691477001104655 0.7279579663912957 0.8214195468764979 0.9525012851029526 0.9109434653397303 0.971530180387097
0 0.8828572624999997 0.9639528187500002 0.7888515717272183 0.8003556522135093 0.6483430111012568 0.8810942406669137 0.7423487018740383 1.0446914072034044
0 0.6867683170595615 0.3526372366242907 0.48355973344642394 0.2727134911383461 0.40302563931723884 0.47747390496851133 0.6062342229303764 0.5573976504544559
0 1 0.11838002968750012 0.8354337578125 0.1183800296875001 0.8354337578125 0.5191737843750002 1 0.5191737843750002
0 0.7529477431475053 0.14123894719238916 0.6388025034722489 0.06822855090362756 0.4893897509105309 0.30182205701533593 0.6035349905857873 0.37483245330409753
0 0.8562748369685542 0.47615262782179524 0.7919533456552758 0.013711989542023883 0.5974321894823226 0.040768199185645074 0.661753680795601 0.5032088374654164
0 0.6018119140625002 0.8138401421875001 0.4375577296875002 0.8138401421875001 0.4375577296875002 1 0.6018119140625002 1
0 0.5389440723738208 0.6914829378684179 0.4478838181850455 0.5519877407018371 0.21183861752183636 0.7060743071860182 0.3028988717106116 0.8455695043525988
0 0.37782928899540974 0.3574831251173088 0.28616088762108294 0.3167949427460889 0.19623017359837605 0.5194042584855015 0.2878985749727028 0.5600924408567214
0 0.40526916612968644 0.05464617619501454 0.2291318023346982 0.052344740068090756 0.22540747986615411 0.3373808242146608 0.40154484366114235 0.3396822603415846
0 0.6428500784618176 0.08776636381451572 0.54214729405813 0.012548879843908933 0.40222677368055615 0.19987748023608348 0.5029295580842439 0.2750949642066903
0 0.24009169809220943 0.4419395212097269 0.22341198401134696 0.18997370297573185 0.12886215815461685 0.19623274268492374 0.14554187223547935 0.4481985609189188
0 0.2137838594858222 0.16666068821795132 0.07428779384758541 0.1271424364765567 0.007289157799263213 0.3636419201336054 0.1467852234375 0.40316017187500003
0 0.281557040625 2.306408086085039e-17 0.06678051718750001 9.912811762863847e-18 0.06678051718750003 0.14785528125 0.281557040625 0.14785528125000003
0 0.6416494419166623 0.7095171486082896 0.6295786328124999 0.4971233328125 0.46421228719957747 0.5065214670409736 0.47628309630373983 0.7189152828367632
2 0.7614967248930855 0.7959940816564404 0.6760692398817779 0.4584768064933332 0.5994838904513828 0.4778609810882162 0.6849113754626904 0.8153782562513234
0 0.7929197624989442 0.7723462436353309 0.6568462390625001 0.70818144375 0.5622121249179562 0.9088708773950455 0.6982856483544004 0.9730356772803763
0 0.6416582773364664 0.7334426093174204 0.5227481236839432 0.7245075374108488 0.5096869482305391 0.898328900717904 0.6285971018830623 0.9072639726244758
0 0.5020682015625 5.291020527437389e-17 0.362021025 4.4334788949029395e-17 0.362021025 0.09685116718750005 0.5020682015625 0.09685116718750006
0 0.3010380521362537 0.7041941020008462 0.11874943978975579 0.49777965805749014 -0.03652026182006831 0.6349013531539669 0.14576835052642956 0.8413157970973228
0 0.045796014062500084 0.58962843125 7.220865710165877e-17 0.58962843125 8.700044075938434e-17 0.8311965906250001 0.0457960140625001 0.8311965906250001
0 0.2085636372346033 0.4074249563088145 0.03453260337743087 0.3107497818032964 -0.029926852482126298 0.426787283700634 0.14410418137504613 0.5234624582061521
0 0.3838180012685434 0.07105331991402926 0.3500119068149298 -0.023364449862949322 0.16868461191460896 0.04155942699728475 0.2024907063682225 0.13597719677426331
0 0.6453320078125 0.01972097500000003 0.5343723225230878 -0.07397747076315478 0.3154799078193048 0.18523956586908133 0.42643959310871715 0.2789380116322361
0 0.5687247820716594 0.255379289899696 0.5142785952720954 0.18930665292867965 0.40037571414527695 0.28316665045775796 0.454821900944841 0.3492392874287743
1 0.4777401709277062 0.5717855447128446 0.44285714072320237 0.5039064412637788 0.2820092102009669 0.5865660954672154 0.3168922404054707 0.6544451989162811
1 0.34011104978415113 0.6022957732330083 0.19549361025513415 0.47586906528399303 0.12741883166282714 0.5537386890069673 0.2720362711918441 0.6801653969559827
1 0.5917047682586543 0.7267644073181494 0.49560997557411623 0.6489793641016428 0.4180226358943422 0.7448299159965674 0.5141174285788803 0.8226149592130743
0 0.7127363875000002 0.9567237546875 0.5974199453125002 0.9567237546875 0.5974199453125002 1 0.7127363875000002 1
0 0.3566178429337422 0.9764254121428833 0.2866381611741744 0.7485099233494148 0.14055303487794352 0.7933642274694842 0.21053271663751127 1.0212797162629526
0 0.22231329461102972 0.8615071433204188 0.01434041291275967 0.81854403260333 -0.0035962301357699957 0.9053705049079112 0.2043766515625 0.948333615625
0 0.4239375157174436 0.3651098916252177 0.36147095178841715 0.34409238662406383 0.2966047621891911 0.5368825384146769 0.3590713261182175 0.5579000434158308
0 1.0133863947584747 0.09795334879666022 0.776466221875 0.04759441250000014 0.7486040941875733 0.17867542004392617 0.9855242670710478 0.22903435634058625
0 0.883574399699822 0.2747910171546569 0.757308464896542 0.01563543180186868 0.6765457682945886 0.054984679744170914 0.8028117030978684 0.3141402650969592