0 0.7540950203125002 0.8580133343749999 0.5193161031250002 0.8580133343749999 0.5193161031250002 1 0.7540950203125002 1
1 0.5211039328125001 0.8409118281250001 0.2900294796875001 0.8409118281250001 0.2900294796875001 1 0.5211039328125001 1
1 0.5803902313036575 0.9031728553128628 0.35921434312195644 0.5804591661510168 0.24184728923896284 0.6608981535805892 0.463023177420664 0.9836118427424353
0 0.36097761834745673 0.45952492480578344 0.03250829046511157 0.2635331307913318 -0.07297667556525567 0.44031898076998904 0.25549265231708945 0.6363107747844406
0 0.6240738883346003 0.2916670711158954 0.456630142220929 0.1160672086431517 0.190778671142864 0.369570631711328 0.35822241725653525 0.5451704941840718
1 0.5945588088916713 0.8128217584411768 0.4950225943183263 0.4220211951266445 0.3629569588314327 0.455658079679978 0.46249317340477775 0.8464586429945102
0 0.826079481442834 0.5915655285103985 0.7931367887188177 0.45652693406006656 0.5120910186092907 0.5250881071364645 0.5450337113333072 0.6601267015867963
0 0.8280341188022952 0.8352781570774097 0.6701791232963046 0.5883548185746477 0.5127898743258842 0.6889717928127432 0.6706448698318749 0.9358951313155052
0 1 0.2501089593750001 0.792608659375 0.2501089593750001 0.792608659375 0.48879117500000013 1 0.48879117500000013
0 0.7956970859375 7.813860002228296e-17 0.48040309375 5.883241110614234e-17 0.48040309375 0.15384130312500005 0.7956970859375 0.15384130312500008
0 0.3238085483953251 0.07637733956616885 0.2659453098455261 0.019416230329405447 0.13861100580435043 0.14876720872558796 0.1964742443541494 0.2057283179623514
0 0.4406465679647707 0.15419931315309512 0.3486703863666114 0.05128730210309303 0.21545476853252668 0.17034691169196342 0.3074309501306859 0.27325892274196556
0 0.36541195000000004 3.8714644163781266e-17 0.2621409015625 3.239111621810248e-17 0.2621409015625 0.07302571250000003 0.36541195000000004 0.07302571250000003
0 0.272867311205076 0.2276497133302259 0.10609540481864821 0.14404723492176474 0.04036581318395045 0.2751659470891606 0.20713771957037821 0.3587684254976217
0 0.2639508261869274 0.9230466178666769 0.2576357670773758 0.5484442522282035 0.034385959797419784 0.5522078048869434 0.040701018906971455 0.9268101705254168
0 0.15351490312500007 0.5325543015624999 6.592787143413191e-17 0.5325543015624999 7.941326149238302e-17 0.752787434375 0.1535149031250001 0.752787434375
0 0.10007303125000004 0.5285304671875001 4.4408920985006264e-17 0.4876046890625001 -0.018573957368990413 0.5330223280514509 0.08149907388100959 0.5739481061764509
0 0.8382829941022575 0.48710151539185 0.8156515188180166 0.2295298176108152 0.47579624674870474 0.2593911193621986 0.4984277220329457 0.5169628171432334
1 0.6496914865886614 0.1410235776758879 0.49667235842070634 0.0979107222733645 0.43401623915197696 0.32029415420738605 0.5870353673199321 0.36340700960990946
0 0.8871117637351761 0.19182267153686672 0.866275705751668 0.1072512755947805 0.7444612343770702 0.1372629995413686 0.7652972923605782 0.22183439548345482
0 1 0.5274400375000001 0.8286653421875 0.5274400375000001 0.8286653421875 0.6735639921875002 1 0.6735639921875002
0 0.936885020758097 0.7572026197741655 0.8341951412606008 0.6710355805099424 0.7390660792249868 0.7844059829348414 0.841755958722483 0.8705730221990645
0 0.41712589062500005 0.8464904671875001 0.39402977018839963 0.634064871340869 0.23510422686482596 0.6513441614114663 0.2582003473014264 0.8637697572580973
0 0.35836904189092333 0.5997332451203892 0.28482756544945337 0.481745596519301 0.18609149656972082 0.543287600021651 0.25963297301119076 0.6612752486227391