2 0.7159117352406913 0.47903732473383454 0.6192366991462077 0.4115569533820035 0.5001800279610624 0.5821222267131598 0.596855064055546 0.6496025980649909
0 0.8520395596877567 0.11246978336406137 0.7268971883613401 0.0541149367821633 0.672618170683065 0.17051666488875275 0.7977605420094814 0.22887151147065082
0 0.5540912407515919 0.2797876214760234 0.5527062951606524 0.07215357121972207 0.39255818509642415 0.07322177953457681 0.39394313068736364 0.28085582979087814
0 0.3765672375 3.575179148594499e-17 0.198375134375 2.4840672049676675e-17 0.198375134375 0.14863499531250005 0.3765672375 0.14863499531250005
0 0.2403745201162753 0.009941590914239374 0.15792293758439047 -0.012391780274285035 0.11728722500000002 0.1376294046875 0.19973880753188483 0.15996277587602442
0 0.58104161875 6.269324705213949e-17 0.4428168046875 5.4229418246920556e-17 0.4428168046875 0.09509267656250006 0.58104161875 0.09509267656250006
0 1 0.2618824656250001 0.9217355078124999 0.2618824656250001 0.9217355078124999 0.41766016718750015 1 0.41766016718750015
0 0.6420217030717387 0.6854482697098605 0.5075185025484534 0.5772088510645321 0.3992134983303052 0.7117935511890054 0.5337166988535905 0.8200329698343338
0 0.7578065325624082 0.7250226969965053 0.713507541337125 0.552501947251473 0.603375842149604 0.580780998804076 0.6476748333748871 0.7533017485491085
0 0.8660341836135702 0.4328329074056586 0.7727885042366659 0.4077907311375245 0.7369337128593132 0.5412976733896941 0.8301793922362174 0.5663398496578281
0 1.0049233395220276 0.5604068518241887 0.9091948444444122 0.41733443700725603 0.8238510513347755 0.47443721876329564 0.9195795464123908 0.6175096335802284
0 1 0.4006588890625002 0.9360785859374999 0.4006588890625002 0.9360785859374999 0.5267151828125002 1 0.5267151828125002
0 0.7131923242743726 0.746780562333214 0.6241004859374998 0.6768402000000002 0.5629882106197732 0.7546865932895556 0.652080048956646 0.8246269556227693
0 0.8719558840696593 0.7035404677454808 0.7418085218875035 0.6464645818265184 0.6885527528412488 0.7679011176026437 0.8187001150234046 0.8249770035216063
0 0.9174383248889285 0.7784469164573902 0.7713574889388058 0.7735250636614317 0.767650579915442 0.8835463079718471 0.9137314158655647 0.8884681607678054
0 0.867472423163135 0.8851403215455906 0.7168071355175175 0.8811182664385544 0.7146353253731977 0.9624737902684414 0.8653006130188153 0.9664958453754776
0 0.8415440671875001 0.9409403296875001 0.7273042421875002 0.9409403296875001 0.7273042421875002 1 0.8415440671875001 1
0 0.5009612937500002 0.9444035187500001 0.3962546062500001 0.9444035187500001 0.3962546062500001 1 0.5009612937500002 1
1 0.3877796014929508 0.7642433756026412 0.29180781023152214 0.749440387120947 0.2610763591824853 0.9486807235493788 0.3570481504439139 0.9634837120310731
0 0.5248620982296417 0.8193815056377943 0.4070229432126579 0.7678082406335895 0.3304882408830618 0.9426814942711221 0.44832739590004544 0.9942547592753268
0 0.5884653441422997 0.9453107381913158 0.47181612248962485 0.7287921733515937 0.3744837354841374 0.7812299271035257 0.4911329571368122 0.9977484919432478
0 0.47608933540974474 0.6061438440283174 0.36657643198069706 0.5361941538544922 0.2779265511456316 0.6749839871584277 0.38743945457467927 0.7449336773322528
0 0.6766524169247784 0.23589531193383562 0.4790605375393655 0.23387769712380546 0.47663619612048225 0.47130169641626135 0.6742280755058951 0.47331931122629156
0 0.5997714931425759 0.47686433525620703 0.5199590903606192 0.404757864269026 0.46335240732306227 0.4674140354127676 0.5431648101050192 0.5395205063999485
0 0.5147143183591106 0.4431955482956318 0.33033971268242546 0.3999002616205489 0.30213792788569077 0.5199986222180595 0.486512533562376 0.5632939088931423
0 0.26923584843750004 0.6744995890625001 0.12545260365177408 0.639001428675646 0.09155810764750565 0.7762891236649143 0.23534135243323165 0.8117872840517684
0 0.17150300607757332 0.5757878207205417 0.038234911469214275 0.5197533327780802 -0.03330128446252063 0.6898894913728004 0.09996681014583841 0.7459239793152619
0 0.07366695781250006 0.4043827390625 5.075045606690796e-17 0.4043827390625 6.344700864189242e-17 0.6117331781249999 0.07366695781250007 0.6117331781249999
0 0.22882381714944194 0.4075455915084622 0.11593408308013442 0.32277119099135393 0.0034582164447771293 0.4725495509234648 0.11634795051408461 0.5573239514405731
0 0.9851514713427019 0.2491969023297429 0.8878362951553722 0.15701543944741622 0.7840306063465102 0.26660221079836527 0.88134578253384 0.3587836736806919
0 0.7672060686531942 0.3514030717614281 0.733883089107309 0.21504942880880104 0.6489193370009539 0.2358134165708689 0.6822423165468391 0.37216705952349594
0 0.9511982571751249 0.6632793317185225 0.9344047261204971 0.5917724575776533 0.7981549020374021 0.6237709986888118 0.81494843309203 0.6952778728296811
0 0.8730079329604405 0.588759920827781 0.8197342997974995 0.5366251103373959 0.7218629458306606 0.6366343471476328 0.7751365789936019 0.6887691576380178
0 0.9620735765625001 0.6921808078125002 0.8930961460952144 0.6600161038120571 0.845549559853741 0.7619800872636956 0.9145269903210268 0.7941447912641387