0 1 8.71680629505602e-17 0.42356249999999995 5.187144598638508e-17 0.42356249999999995 0.2726490390625001 1 0.2726490390625001
0 0.18931971093750002 0.051122596875000016 8.36366063811777e-18 0.051122596875 5.601390218869182e-17 0.829310096875 0.18931971093750005 0.829310096875
0 0.6768577181588544 0.5663261113811222 0.1573153221908274 -0.010214956909153906 -0.05068715158587558 0.17722373486295773 0.46885524438215154 0.7537648031532338
1 1 0.2757934875000001 0.7104711531250001 0.2757934875000001 0.7104711531250001 0.7199665640625 1 0.7199665640625001
0 1 0.6645841343750002 0.9012860578125 0.6645841343750002 0.9012860578125 0.9287139421875 1 0.9287139421875
0 0.796646634375 0.5822211531250001 0.16649759687500013 0.582221153125 0.16649759687500015 1 0.7966466343750002 1
0 0.9823870187500001 0.7213870187500001 0.4232211531250001 0.72138701875 0.4232211531250002 1 0.9823870187500001 1
2 0.8880699296874999 0.28400961562500004 0.624928103125 0.2186875000000001 0.5598928062951478 0.48067391356147426 0.8230346328576477 0.5459960291864743
0 0.4591626688789129 0.11297586846261867 0.4273392068338981 -0.05485790976091563 0.06031552753973183 0.01473454207606369 0.09213898958474662 0.182568320299598
0 0.8087953867482991 0.41493165786029956 0.4189187944327137 0.017289750217631107 0.27391518306568735 0.1594616712014531 0.6637917753812728 0.5571035788441215
0 0.26703163013442055 0.21493917328144177 0.1057256046761558 0.18935850967561335 -0.022269650866148648 0.996468374657377 0.1390363745921161 1.0220490382632055