0 0.5153055067284953 0.0009721987088245454 0.31276166055750926 -0.009619070736980836 0.3007786964947031 0.21953907146954074 0.5033225426656892 0.23013034091534612
1 0.4930734227790672 0.8025512862393864 0.38447730385498513 0.47923049174307464 0.24118632004868737 0.5273586820205327 0.3497824389727694 0.8506794765168445
0 0.9919053390625002 0.377693815625 0.9768881853031344 0.04480708126891854 0.8238232476887195 0.05171213174432936 0.8388404014480854 0.38459886610041083
0 0.3269160234781311 0.9710932645183084 0.21531917201151166 0.783858690028578 0.16521781398972513 0.813720449400055 0.2768146654563446 1.0009550238897855
0 0.30449804208418085 0.8903144676117327 0.20291140019344184 0.5294045500363047 0.04925070541708472 0.5726559909437592 0.1508373473078237 0.9335659085191873
0 0.08258144843750007 0.3906501328125 4.7840843473531654e-17 0.3906501328125 6.510568777527979e-17 0.6726064375 0.08258144843750008 0.6726064375
2 0.7684499296875 8.42439450855767e-17 0.6026580453125 7.409212005935412e-17 0.6026580453125 0.1500275265625001 0.7684499296875 0.1500275265625001
0 0.8658793261717141 0.5524746219359554 0.7720041957187485 0.3488726760820942 0.5257161429845344 0.46242916977113885 0.6195912734375 0.6660311156250001
0 0.8347467346332351 0.22843187468613455 0.7233905726960554 0.1080816199963365 0.4888942744427265 0.32505338984652876 0.6002504363799062 0.44540364453632686
0 0.7118899396665596 0.8570124370513245 0.6258749069355318 0.6641587315094615 0.5161341225812751 0.7131044187682996 0.602149155312303 0.9059581243101624
0 0.6978706565865578 0.9474371398149655 0.4588004125000002 0.8284741718750002 0.39320356915502785 0.9602988364857914 0.6322738132415855 1.0792618044257565
0 0.6158815782500258 0.8064369195731332 0.5950546341252085 0.40903517624288277 0.398718305640788 0.41932472784059344 0.4195452497656051 0.816726471170844