0 0.6424785183464934 0.17935874361356247 0.6199641488620531 0.016754964003715754 0.3724733656525778 0.05102291860195078 0.3949877351370181 0.21362669821179744
0 0.3947165342298288 0.055535605134474364 0.18750382029339852 0.024453698044009833 0.15478300733496336 0.24259245110024458 0.3619957212713936 0.2736743581907091
0 0.5602057384341638 0.46534586298932396 0.35066169928825625 0.24774243772241994 0.05132562277580068 0.5359919928825623 0.2608696619217082 0.7535954181494663
2 0.8480544747081712 0.41394090466926076 0.5737354085603114 0.3967959630350195 0.5621777723735409 0.5817181420233464 0.8364968385214008 0.5988630836575877
0 0.6909466911764706 0.41456801470588245 0.6679999999999999 0.19275000000000003 0.47097058823529414 0.21313235294117652 0.4939172794117647 0.43495036764705886
1 0.9427043269230768 0.28616586538461564 0.6795192307692306 0.08146634615384633 0.5738461538461536 0.21733173076923099 0.8370312499999999 0.4220312500000002
0 0.9618955004205215 0.6285573486122794 0.6357811185870479 0.5297348086627418 0.5056691547518922 0.9591042893187552 0.8317835365853657 1.0579268292682928
1 1 0.7984375000000001 0.903125 0.7984375000000001 0.903125 1 1 1
0 1.0412417244640604 0.47757723833543525 0.8463479271752835 0.23590892969735192 0.6882083464691046 0.3634408496216898 0.8831021437578814 0.6051091582597732
0 0.6263850000000002 0.6010550000000002 0.3394050000000002 0.5173525000000001 0.20876750000000008 0.9652525000000003 0.49574750000000006 1.0489550000000003
0 0.3187500000000001 0.7203125 1.0313822261569115e-16 0.7203125 1.2026414269751743e-16 1 0.3187500000000001 1
1 0.2995095802919708 0.3490419708029197 0.28743683323975294 0.20307148371701295 0.010034566254912985 0.22601452835485683 0.02210731330713081 0.3719850154407636
1 1.0057083666134186 0.11979083466453684 0.8443415535143769 0.11333616214057515 0.8383636182108625 0.26278454472843454 0.999730431309904 0.2692392172523962
1 1 0.2828125000000001 0.9171875 0.2828125000000001 0.9171875 0.4203125000000002 1 0.4203125000000002