1 0.815625 0.2843750000000001 0.6703125 0.2843750000000001 0.6703125 0.5484375000000001 0.815625 0.5484375000000001
2 0.3343750000000001 0.409375 0.2015625000000001 0.409375 0.2015625000000001 0.6265625 0.3343750000000001 0.6265625
2 0.840625 0.1593750000000001 0.7125 0.1593750000000001 0.7125 0.3062500000000001 0.840625 0.3062500000000001
0 0.7015625 0.3281250000000001 0.565625 0.3281250000000001 0.565625 0.46875 0.7015625 0.46875
0 0.7125 0.23437500000000008 0.609375 0.23437500000000008 0.609375 0.3593750000000001 0.7125 0.3593750000000001
0 0.5156250000000001 0.675 0.3312500000000001 0.675 0.3312500000000001 0.8703125 0.5156250000000002 0.8703125
0 0.41406250000000017 0.771875 0.13281250000000008 0.771875 0.1328125000000001 1 0.41406250000000017 1
0 0.4125000000000001 0.671875 0.27812500000000007 0.671875 0.27812500000000007 0.909375 0.4125000000000002 0.909375
0 0.7390625000000001 0.534375 0.4953125 0.534375 0.4953125000000001 0.7828125000000001 0.7390625000000002 0.7828125000000001
0 0.925 0.3468750000000001 0.7984375 0.3468750000000001 0.7984375 0.5531250000000002 0.925 0.5531250000000002
0 1 0.4656250000000002 0.8609375 0.4656250000000002 0.8609375 0.6390625000000002 1 0.6390625000000002
0 1 0.5984375000000002 0.8375 0.5984375000000002 0.8375 0.9140625 1 0.9140625
0 0.7062500000000002 0.7921875 0.5468750000000002 0.7921875 0.5468750000000002 1 0.7062500000000002 1
0 0.5718750000000001 0.8890625 0.2468750000000001 0.8890625 0.2468750000000001 1 0.5718750000000001 1
2 0.1796875000000001 0.61875 0.07812500000000007 0.61875 0.07812500000000008 0.925 0.17968750000000014 0.925
2 0.11875000000000006 0.4703125 0.004687500000000058 0.4703125 0.004687500000000079 0.803125 0.11875000000000009 0.803125
0 0.29375000000000007 0.634375 0.19531250000000008 0.634375 0.19531250000000008 0.8 0.29375000000000007 0.8
0 0.14531250000000012 0.9203125 0.03593750000000011 0.9203125 0.035937500000000115 1 0.14531250000000012 1