0 1 0.07031250000000011 0.6921875 0.07031250000000008 0.6921875 0.5171875000000001 1 0.5171875000000001
2 0.7578125 0.14062500000000006 0.446875 0.14062500000000006 0.446875 0.41093750000000007 0.7578125 0.4109375000000002
0 0.54375 0.06406250000000005 0.20625 0.06406250000000002 0.20625 0.33125000000000004 0.54375 0.3312500000000001
2 0.27187500000000003 0.265625 3.2529680602351567e-17 0.265625 4.659398368630946e-17 0.4953125 0.2718750000000001 0.4953125
0 1 0.5359375000000001 0.6203125 0.5359375 0.6203125 0.8265625 1 0.8265625
0 0.88125 0.596875 0.2750000000000001 0.596875 0.2750000000000001 0.9171875 0.88125 0.9171875
0 0.9234375 0.70625 0.60625 0.70625 0.6062500000000001 0.9140625 0.9234375 0.9140625
0 0.7125000000000001 0.775 0.44531250000000017 0.775 0.44531250000000017 0.975 0.7125000000000001 0.975
0 0.5078125 0.4359375 0.05468750000000004 0.4359375 0.054687500000000056 0.6125 0.5078125 0.6125
0 0.6046875 0.4046875 0.3890625000000001 0.4046875 0.3890625000000001 0.5359375 0.6046875 0.5359375
0 0.5281250000000001 0.675 0.2906250000000001 0.675 0.2906250000000001 0.8703125 0.5281250000000002 0.8703125