1 0.9832977528089886 0.781873595505618 0.9321741573033707 0.18117134831460674 0.7444382022471909 0.19714887640449436 0.795561797752809 0.7978511235955056
2 0.47280351437699686 0.41428714057508 0.4180511182108626 0.35497204472843463 0.32271865015974444 0.4429712460063898 0.37747104632587863 0.5022863418530352
1 0.7057432044410414 0.1605125382848393 0.5910201952526799 0.1478659073506892 0.5592374617151608 0.43618070444104146 0.6739604709035223 0.44882733537519154
0 0.7389631144412783 0.9980321659373091 0.7074189331874619 0.3734573771117443 0.4078201328109098 0.38858862965601465 0.43936431406472626 1.0131634184815794
0 0.23386937932359725 0.14297415449654113 0.07896569946195238 0.13993682744043046 0.07571939853958498 0.30549817448116834 0.2306230784012299 0.30853550153727904
0 0.3296875 0.15781250000000005 0.2390625 0.15781250000000005 0.2390625 0.3296875 0.3296875 0.3296875
0 0.277810650887574 0.42018306213017764 0.20384615384615387 0.24266826923076926 0.00014792899408286875 0.3275425295857988 0.07411242603550297 0.5050573224852071
0 0.38102969088937083 0.42536266268980477 0.28006033080260295 0.2335208785249458 0.17921298806941427 0.28659842733188723 0.28018234815618215 0.47844021149674615
0 0.5407398162939296 0.42474540734824284 0.5290909544728434 0.13352386182108625 0.3374600638977635 0.14118909744408942 0.3491089257188497 0.4324106429712461
0 0.6609375 0.09218750000000009 0.568125 0.06125000000000007 0.52796875 0.18171875000000004 0.62078125 0.21265625000000007
0 0.39039158611599295 0.11273890597539546 0.23815081282952547 0.013782403339191585 0.16143453427065027 0.1318074472759227 0.31367530755711776 0.23076394991212662
0 0.8009657900251467 0.3381755553227158 0.7846393021793798 0.12865229463537298 0.6684615989103102 0.13770510268231345 0.684788086756077 0.34722836336965635
0 0.8806603773584903 0.6713738207547172 0.7894457547169809 0.35212264150943395 0.6454009433962262 0.39327830188679236 0.7366155660377357 0.7125294811320756
0 0.8578125 0.9375 0.7125000000000001 0.9375 0.7125000000000001 1 0.8578125 1
2 0.05468750000000009 0.771875 9.596255777693713e-17 0.771875 1.0160741411675698e-16 0.8640625 0.0546875000000001 0.8640625
1 0.06562500000000007 0.5484375 6.716422289073765e-17 0.5484375 7.826258450801054e-17 0.7296875 0.06562500000000009 0.7296875