0 0.6757004310344827 0.28809267241379316 0.4671875000000001 0.20468750000000008 0.4246228448275863 0.3110991379310345 0.6331357758620689 0.3945043103448276
0 0.804336674528302 0.3669310141509435 0.8006073113207547 0.28115566037735845 0.6486527122641509 0.28776238207547167 0.6523820754716981 0.3735377358490567
0 0.8127327979814162 0.3847339594681193 0.5965490828260174 0.3819974567446332 0.5951838353091958 0.48985201057353434 0.8113675504645947 0.49258851329702036
0 0.6243860294117649 0.3830183823529413 0.4565165441176471 0.36565257352941183 0.4442077205882353 0.48463786764705885 0.6120772058823531 0.5020036764705883
0 0.609375 0.384375 0.5788942930601669 0.2756604785812617 0.38698540873754955 0.32946670783059356 0.41746611567738273 0.43818122924933184
1 0.5900934022257553 0.48008247217806055 0.44141991255961843 0.4681885930047695 0.43195548489666136 0.5864939387917328 0.5806289745627982 0.5983878179650238
1 0.7803365384615386 0.5041826923076923 0.5755288461538461 0.4785817307692307 0.5604807692307693 0.5989663461538463 0.7652884615384618 0.6245673076923077
0 0.690539727917981 0.7358147673501577 0.6137430993690851 0.6851616719242901 0.5302380717665615 0.8117660686119873 0.6070347003154574 0.8624191640378548
0 0.7796586316397229 0.7504799364896074 0.6357155744803695 0.7256621680138569 0.6115924509237877 0.8655762846420323 0.755535508083141 0.890394053117783
0 0.9478623060648804 0.8822813822284911 0.8414514280677011 0.7262120944992949 0.7587865832157971 0.7825744887165023 0.8651974612129761 0.9386437764456984
0 1 0.7500000000000002 0.9171875 0.7500000000000002 0.9171875 1 1 1
0 1 0.44531250000000017 0.7265625 0.44531250000000017 0.7265625000000001 0.7515625000000001 1 0.7515625000000001
0 0.84375 0.8484375 0.5468750000000002 0.8484375 0.5468750000000002 1 0.84375 1
0 0.9601254262854144 0.9528428318467996 0.80333453567681 0.8048852308499477 0.7271861883525708 0.8855797481636938 0.8839770789611754 1.0335373491605457
1 0.6911995226783794 0.6662577872893511 0.47570617828970957 0.5601192743814989 0.2753537894406598 0.9668953365901757 0.4908471338293296 1.073033849498028
0 0.2500000000000001 0.8828125 0.001562500000000109 0.8828125 0.0015625000000001159 1 0.2500000000000001 1
0 0.4264195485349812 0.5616516344428943 0.09071158062587208 0.4838063085509269 -0.001230815228223947 0.8803078906717163 0.3344771526808851 0.9581532165636835
0 0.4962316176470588 0.38336397058823535 0.33658088235294115 0.3478860294117647 0.30213235294117646 0.5029044117647059 0.46178308823529407 0.5383823529411764
0 0.6296875 0.18281250000000007 0.465625 0.18281250000000004 0.465625 0.27031250000000007 0.6296875 0.27031250000000007
0 0.7249031852687732 0.19115523697168663 0.6150389823553549 0.17770247743126805 0.5984855867870332 0.31288854123922866 0.7083497897004515 0.32634130077964724
0 0.28906250000000006 0.3125 0.15781250000000005 0.3125 0.15781250000000005 0.4359375 0.2890625000000001 0.4359375
0 0.93125 0.3515625000000001 0.771875 0.3515625000000001 0.771875 0.4734375000000002 0.93125 0.4734375000000002