2 0.6921875000000001 0.703125 0.4921875 0.703125 0.4921875000000001 0.9296875 0.6921875000000002 0.9296875
1 0.375 0.12343750000000002 0.178125 0.1234375 0.17812500000000003 0.29531250000000003 0.375 0.2953125000000001
1 0.45373626611583007 0.740142342456336 0.25368371308807103 0.5466679949987967 0.18108360070197854 0.6217365403837475 0.3811361537297376 0.8152108878412868
1 0.5390625000000001 0.7171875 0.3625000000000001 0.7171875 0.3625000000000001 0.928125 0.5390625000000002 0.928125
1 0.8265625 0.5234375000000001 0.65 0.5234375 0.65 0.6984375 0.8265625 0.6984375000000002
1 0.934375 0.6812500000000001 0.6234375 0.68125 0.6234375000000001 0.8625 0.934375 0.8625
0 1 0.80625 0.8421875 0.80625 0.8421875 0.909375 1 0.909375
1 0.27656250000000004 0.2484375 0.13437500000000005 0.2484375 0.13437500000000005 0.415625 0.2765625000000001 0.415625
0 0.9078125 0.3968750000000001 0.6484375 0.3968750000000001 0.6484375 0.596875 0.9078125 0.5968750000000002
0 0.12968750000000004 0.2796875 0.0046875000000000345 0.2796875 0.004687500000000043 0.421875 0.12968750000000004 0.421875
0 0.17968750000000003 0.171875 0.004687500000000021 0.171875 0.0046875000000000284 0.2984375 0.17968750000000006 0.2984375
0 0.19375 0.06562500000000002 0.039062500000000014 0.065625 0.039062500000000014 0.14843750000000003 0.19375 0.14843750000000006
0 0.18906250000000008 0.5875 0.023437500000000073 0.5875 0.02343750000000008 0.7390625 0.18906250000000008 0.7390625
0 0.7640625000000002 0.8703125 0.6390625000000002 0.8703125 0.6390625000000002 1 0.7640625000000002 1
0 0.9375 0.6140625000000002 0.8453125 0.6140625000000002 0.8453125 0.7390625000000002 0.9375 0.7390625000000002
1 1 0.4656250000000002 0.8828125 0.4656250000000002 0.8828125 0.5437500000000002 1 0.5437500000000002
0 1 0.7031250000000002 0.9515625 0.7031250000000002 0.9515625 0.81875 1 0.81875
0 0.07656250000000006 0.4609375 5.644856339819831e-17 0.4609375 6.649449417245395e-17 0.625 0.07656250000000006 0.625
0 0.37031250000000004 0.32656250000000003 0.2640625 0.3265625 0.26406250000000003 0.4671875 0.3703125000000001 0.4671875