2 0.8718 0.8105249999999999 0.8472003712871287 0.5043962871287129 0.4686875 0.5348125 0.4932871287128712 0.8409412128712871
0 0.6611154128290815 0.4654477239383814 0.4550570161586111 0.30294638672670965 0.19404437759801127 0.633921175829326 0.40010277426848156 0.7964225130409978
2 0.8046875 0.3578125000000001 0.553125 0.3578125000000001 0.553125 0.4796875 0.8046875 0.4796875000000001
2 0.9950806272241994 0.5364607428825623 0.8232384341637011 0.4125745106761565 0.7275355871886122 0.5453236209964412 0.8993777802491104 0.6692098532028469
2 1.0376371951219514 0.6602972560975612 0.8694664634146342 0.6242606707317074 0.8285823170731706 0.8150533536585367 0.9967530487804879 0.8510899390243905
0 1 0.10781250000000012 0.853125 0.10781250000000009 0.853125 0.2484375000000001 1 0.2484375000000001
0 0.7109375 0.13437500000000008 0.53125 0.13437500000000005 0.53125 0.3312500000000001 0.7109375 0.3312500000000001
0 0.9234375 9.83544460565218e-17 0.6828125 8.362041425428021e-17 0.6828125 0.10156250000000011 0.9234375 0.10156250000000014
0 0.9890625 0.2671875000000001 0.79375 0.2671875000000001 0.79375 0.44843750000000016 0.9890625 0.44843750000000016
0 1 0.4828125000000002 0.909375 0.4828125000000002 0.909375 0.6390625000000002 1 0.6390625000000002
0 0.7390625000000002 0.8296875 0.2953125000000001 0.8296875 0.2953125000000001 1 0.7390625000000002 1
0 0.4875000000000001 0.6953125 0.0031250000000000847 0.6953125 0.0031250000000000956 0.871875 0.48750000000000016 0.871875
0 0.9296875 0.8234375 0.6843750000000002 0.8234375 0.6843750000000002 1 0.9296875 1
0 1 0.8640625 0.9046875 0.8640625 0.9046875 1 1 1
0 0.8671875 0.0843750000000001 0.69375 0.08437500000000009 0.69375 0.3046875000000001 0.8671875 0.3046875000000001
2 0.821875 0.3125000000000001 0.7234375 0.3125000000000001 0.7234375 0.4000000000000001 0.821875 0.4000000000000002