0 1.0000371436894946 0.00004700385442823404 0.7674856019182504 -0.00134552034779485 0.7646553424166369 0.4713078164216567 0.9972068841878811 0.4727003406238798
0 0.9851326650943394 0.08944870283018877 0.8862529481132073 -0.055067806603773486 0.5406456367924527 0.18140035377358493 0.6395253537735848 0.3259168632075472
0 0.378125 3.4156164632469147e-17 0.125 1.865672858076046e-17 0.12500000000000003 0.2046875 0.378125 0.20468750000000005
0 0.057182198397738006 0.0038289349670122706 0.018879594721960432 -0.00852674363807728 -0.015978440150801135 0.09953316446748349 0.02232416352497644 0.11188884307257305
0 0.1372068813325146 0.21654753223825604 0.1079401097635861 0.06755305879643844 0.0012314821922013997 0.088513682069389 0.030498253761129877 0.23750815551120663
1 0.1609375 0.006250000000000033 0.10527174783723167 -0.05084307914130086 -0.009615307593719962 0.061171799903876944 0.04605044456904839 0.11826487904517784
0 0.6682149099970246 0.03001850267777457 0.5158123512347516 -0.010803611276405745 0.4419015917881583 0.26512989065754244 0.5943041505504314 0.3059520046117227
1 0.5089300742574259 0.2670742574257426 0.4974461633663367 -0.004711633663366352 0.3613335396039604 0.0010396039603960405 0.37281745049504955 0.27282549504950493
0 0.5889764996167114 0.3187666490992717 0.39487087964737455 0.15366531717133003 0.25112183786891534 0.3226675689919509 0.44522745783825224 0.4877689009198926
0 0.9212494127612322 0.6605452067080463 0.7594651322532885 0.20093077344684254 0.5777436507032628 0.26489673495245153 0.7395279312112064 0.7245111682136554
0 0.7082974137931035 0.36363146551724146 0.4238515417771884 0.3309901359416446 0.34744280503978786 0.996837698938992 0.631888677055703 1.0294790285145887
1 0.378125 0.10937500000000004 0.246875 0.10937500000000004 0.24687500000000004 0.465625 0.37812500000000004 0.465625
1 0.21937500000000001 0.20968750000000003 0.09375000000000003 0.146875 -0.05 0.434375 0.07562499999999998 0.49718750000000006
2 0.42041979613733915 0.653299356223176 0.25453996781115884 0.38374463519313307 0.1046807939914163 0.47596566523605155 0.2705606223175966 0.7455203862660945
1 0.29474037784557616 0.45578132333959154 0.23956487620276928 0.21981800780333258 0.09752180019361653 0.2530320604024877 0.15269730183642338 0.4889953759387467
0 0.32856262966804983 0.8110542012448134 0.09635308609958508 0.409964989626556 -0.08485153008298751 0.5148729253112033 0.14735801348547722 0.9159621369294605
0 1 0.5218750000000001 0.6421875 0.521875 0.6421875000000001 0.9625 1 0.9625