2 0.8155476159114858 0.3021173603793468 0.5301979056902002 0.23553576132771345 0.4889373682824025 0.41236663593256057 0.7742870785036882 0.478948234984194
2 0.5823034502262443 0.39892533936651586 0.2522977941176471 0.28106617647058824 0.1663602941176471 0.5216911764705883 0.4963659502262443 0.6395503393665158
0 0.3905048076923078 0.5447115384615386 0.08906250000000007 0.4625000000000001 -0.04099759615384606 0.9393870192307692 0.26044471153846166 1.0215985576923077
0 0.25409910553831083 0.32607289454337535 0.029626618403855647 0.2869446628410391 -0.015661248162064968 0.5467540026139519 0.20881123897239018 0.5858822343162882
0 0.5346859894796702 0.24590027011657667 0.2664326841057719 0.21862027295990902 0.254413384987205 0.33681004762581745 0.5226666903611032 0.36409004478248513
0 0.9073875930413708 0.11510542885580761 0.6285296217760082 0.11143624502336862 0.6263474770642201 0.27727924311926616 0.9052054483295828 0.2809484269517052
0 1 0.05625000000000012 0.840625 0.05625000000000011 0.840625 0.2468750000000001 1 0.2468750000000001
0 0.7496157054337466 0.19964698522402302 0.5895585081029553 0.17463804814108688 0.5767486892278362 0.2566208889418495 0.7368058865586273 0.28162982602478565
0 1 0.2093750000000001 0.8515625 0.2093750000000001 0.8515625 0.3062500000000001 1 0.3062500000000001
1 0.8515625 0.2593750000000001 0.71875 0.2593750000000001 0.71875 0.3968750000000001 0.8515625 0.3968750000000001
0 0.940625 0.40312500000000007 0.5421875 0.403125 0.5421875 0.7078125000000001 0.940625 0.7078125000000002
0 0.971875 0.5593750000000001 0.4375 0.559375 0.4375000000000001 0.8390625 0.971875 0.8390625
0 0.5562500000000001 0.6203125 0.2375000000000001 0.6203125 0.2375000000000001 0.7921875 0.5562500000000001 0.7921875
0 0.959375 0.7937500000000001 0.5156250000000002 0.79375 0.5156250000000002 1 0.959375 1
0 0.5781250000000002 0.7765625 0.2078125000000001 0.7765625 0.2078125000000001 1 0.5781250000000002 1
0 1 0.3078125000000001 0.83125 0.3078125000000001 0.83125 0.5718750000000001 1 0.5718750000000001