0 0.8 0.08906250000000007 0.428125 0.08906250000000006 0.428125 0.31718750000000007 0.8 0.31718750000000007
2 0.5342945592823712 0.10770037051482062 0.521580050702028 0.028234691887675512 0.4740468993759749 0.03583999609984401 0.48676140795631817 0.11530567472698912
1 0.978125 1.0830470129959405e-16 0.790625 9.682363755758761e-17 0.790625 0.3046875000000001 0.978125 0.3046875000000001
1 1.0306325 0.5048025 0.9493450000000001 0.22610250000000004 0.767965 0.27900500000000006 0.8492524999999999 0.557705
0 0.8540266393442624 0.5691444672131147 0.8174073348601736 0.2846406400675024 0.4245805207328834 0.3352025072324011 0.46119982521697206 0.6197063343780134
1 0.3955753755364807 0.027229077253218936 0.2675737660944206 0.015934817596566547 0.25605016094420596 0.14653567596566525 0.3840517703862661 0.15782993562231762
0 1 0.6046875000000002 0.8859375 0.6046875000000002 0.8859375 0.859375 1 0.859375
1 0.7965186995236146 0.8368097296140536 0.4980150801109085 0.6407124613867283 0.4054984950128402 0.7815432631471214 0.7040021144255464 0.9776405313744465
1 0.8484375 0.8453125 0.5140625000000002 0.8453125 0.5140625000000002 1 0.8484375 1
1 1 0.859375 0.8375 0.859375 0.8375 1 1 1
0 0.9273165880966413 0.5840674720094284 0.5188190556865055 0.5442140542133176 0.4996307822628167 0.7408938568061284 0.9081283146729525 0.7807472746022392
0 0.2890625 0.11875000000000002 1.5308084989341912e-17 0.11875 2.8894010417382865e-17 0.340625 0.2890625 0.340625
0 0.45799209148346903 0.1957260472563615 0.28010348147827596 0.19338540765102993 0.2763756058507876 0.4767039553401419 0.4542642158559806 0.47904459494547347
0 0.16250000000000003 0.0031249999999999967 0.0015624999999999999 1.8973538018496328e-19 0.00008995453688873216 0.07583609135023085 0.16102745453688874 0.07896109135023086
2 0.8185736287758345 0.05611089030206688 0.6554923489666137 0.04306438791732915 0.6475183823529412 0.14273897058823534 0.8105996621621621 0.15578547297297307
1 0.3349627293577982 0.07122993119266055 0.31659977064220185 0.010020068807339456 0.15733944954128443 0.057798165137614675 0.17570240825688074 0.11900802752293575
1 0.22782134023565676 0.417987238366312 0.07133052538033216 0.33410816160385803 -0.08385305322163664 0.6236297634732029 0.072637761633688 0.7075088402356569
0 0.42968750000000017 0.865625 0.10000000000000012 0.865625 0.10000000000000013 1 0.42968750000000017 1
0 0.5751368439121147 0.7684214792493134 0.31290004195910903 0.6347321292340556 0.19594665471467815 0.8641406965212084 0.45818345666768395 0.9978300465364663
1 0.4314712982832619 0.5271794527896997 0.2621714055793992 0.42299490343347657 0.027782993562231795 0.8038760729613734 0.1970828862660944 0.9080606223175967