0 0.8329357619182746 0.19926486237230429 0.6723795757661748 0.1640208215096482 0.6403917778093076 0.3097430122020432 0.8009479639614074 0.3449870530646993
0 0.5172443518884714 0.22086587897963228 0.43539060955111725 0.12923855546766863 0.2360420889361281 0.3073232338837256 0.31789583127348225 0.3989505573956892
0 0.5097913476263399 0.3707767036753446 0.4980379019908116 0.2032901033690659 0.35433767228177643 0.213374330015314 0.3660911179173047 0.38086093032159274
0 0.6217279411764706 0.22253676470588238 0.5163419117647058 0.19911764705882357 0.4739522058823528 0.3898713235294118 0.5793382352941177 0.41329044117647057
0 0.5203125 0.0046875000000000545 0.334375 0.004687500000000044 0.334375 0.16718750000000004 0.5203125 0.16718750000000004
0 0.6312022292993631 0.1767874203821656 0.6253662420382166 0.013379777070063704 0.5093312101910829 0.017523885350318468 0.5151671974522294 0.1809315286624204
0 0.9625 0.1281250000000001 0.809375 0.1281250000000001 0.809375 0.3156250000000001 0.9625 0.3156250000000001
0 1 1.139495576394139e-16 0.8515625 1.0486038217699212e-16 0.8515625 0.1296875000000001 1 0.12968750000000012
0 1 0.1625 0.9984375 0.03437499999999999 0.931755343866171 0.03518819702602231 0.933317843866171 0.16331319702602232
0 1 0.21250000000000008 0.9375 0.21250000000000008 0.9375 0.3265625000000001 1 0.3265625000000001
0 1 0.16093750000000012 0.9609375 0.16093750000000012 0.9609375 0.2296875000000001 1 0.2296875000000001
0 1 0.3078125000000001 0.928125 0.3078125000000001 0.928125 0.4437500000000002 1 0.4437500000000002
0 1.0001312613156306 0.5856598898611949 0.9968749999999998 0.4375000000000001 0.9130041113458056 0.4393433162341582 0.9162603726614362 0.587503206095353
1 0.9664601293103449 0.5204471982758622 0.8742456896551725 0.48092672413793114 0.7853448275862069 0.6883620689655174 0.8775592672413793 0.7278825431034484
0 0.8093113687782804 0.4638362556561086 0.7183894230769231 0.3638221153846155 0.5451145361990951 0.5213447398190046 0.6360364819004525 0.6213588800904978
0 0.8374484536082474 0.4980090206185569 0.7137693298969073 0.49238724226804137 0.7053092783505155 0.6785083762886599 0.8289884020618556 0.6841301546391755
0 0.7579705611169654 0.6059486959957853 0.5748155953635408 0.576132771338251 0.5495982613277135 0.7310392518440466 0.7327532270811382 0.7608551765015809
0 0.6833682345360825 0.8432425902061859 0.5697815473830294 0.6826545152656622 0.45892954500396516 0.761062029143537 0.5725162321570183 0.9216501040840605
2 0.5843750000000001 0.6828125000000003 0.5093749999999999 0.6078125000000001 0.39296875 0.7242187500000001 0.46796875000000016 0.7992187500000003
0 0.3361304566341183 0.13325944141298104 0.33416140149339457 0.017085188110281445 0.2235469916714532 0.018960008615738076 0.2255160468121769 0.13513426191843766
0 0.334375 3.15729252905177e-17 0.18125 2.2196723234545777e-17 0.18125 0.051562500000000025 0.334375 0.05156250000000003
0 0.4109375 0.34687500000000004 0.23125000000000004 0.346875 0.2312500000000001 0.5625 0.4109375 0.5625
0 0.4866199126511808 0.3714232578229987 0.39815763582261476 0.3652800441543482 0.38730352514878097 0.5215792378575542 0.475765801977347 0.5277224515262046
0 0.2828125 0.3484375 0.11250000000000004 0.3484375 0.11250000000000004 0.48125 0.2828125000000001 0.48125
0 0.09062500000000004 0.171875 2.1048616860345134e-17 0.171875 3.023346785395028e-17 0.321875 0.09062500000000004 0.321875
0 0.16009191176470589 0.13505514705882354 0.0027573529411764803 0.10009191176470589 -0.02121323529411762 0.20795955882352937 0.13612132352941178 0.24292279411764706
0 0.1265625 0.0031250000000000084 7.654042494670958e-19 0.0031250000000000006 1.042863289898918e-17 0.1609375 0.1265625 0.1609375
0 0.2453125 1.9422132830227558e-17 0.071875 8.802148868871602e-18 0.071875 0.08125000000000002 0.2453125 0.08125000000000002
0 0.13437500000000008 0.43125 5.415235064979703e-17 0.43125 6.477233461115298e-17 0.6046875 0.13437500000000008 0.6046875
0 0.1976205583756346 0.5333121827411167 0.11311865482233512 0.5272763324873095 0.10234771573604069 0.6780694796954314 0.18684961928934019 0.6841053299492386
0 0.14503005679072015 0.7708668136781054 0.12017694236346062 0.6504247976075399 -0.015109201304978236 0.678340985983567 0.00974391312228129 0.7987830020541324
0 0.29652735330073354 0.77315097799511 0.19670690709046457 0.6380997860635697 0.09289234413202933 0.7148322891198045 0.19271279034229832 0.8498834810513447
0 0.37198125768127815 0.7964051618189268 0.2947332036050798 0.7404003226136829 0.20498066878328544 0.864196922367882 0.2822287228594838 0.9202017615731259
0 0.5024443807339449 0.9197729357798167 0.48583400229357787 0.8095404243119265 0.2877419724770641 0.8393899082568806 0.3043523509174312 0.9496224197247708
0 0.21582957068282743 0.8402779236169449 0.14339129815192622 0.773245492319693 0.010268098223929201 0.9171044341773673 0.08270637075483042 0.9841368654746191
0 0.13926018370607038 0.7738079073482429 0.041625399361022455 0.736865015974441 -0.01758386581469642 0.8933466453674122 0.08005091853035151 0.9302895367412141
0 0.36406250000000007 0.86875 0.1281250000000001 0.86875 0.12812500000000013 1 0.36406250000000007 1
0 0.5156250000000002 0.9296875 0.3828125000000001 0.9296875 0.3828125000000001 1 0.5156250000000002 1
0 0.04687500000000012 0.903125 1.1060091404799533e-16 0.903125 1.1653279698136533e-16 1 0.046875000000000125 1
0 0.13750000000000012 0.9453125 0.03125000000000012 0.9453125 0.031250000000000125 1 0.13750000000000012 1
0 1.0584016393442623 0.6638319672131148 0.9770747950819672 0.5662397540983607 0.8250768442622951 0.6929047131147541 0.9064036885245901 0.7904969262295082
0 1 0.7296875000000002 0.903125 0.7296875000000002 0.903125 0.8921875 1 0.8921875
2 1 0.8078125000000002 0.9984375 0.7109375 0.9645753413524059 0.7114836638491547 0.9661378413524059 0.8083586638491548