0 0.5572030305574212 0.15994312458025528 0.3851958109469443 0.14594253693754206 0.36133457857622564 0.4390948203492277 0.5333417981867026 0.4530954079919409
0 0.7816745799853908 0.3356133582907232 0.720740504017531 0.15788897005113225 0.5628697954711469 0.2120160701241783 0.6238038714390066 0.38974045836376925
0 0.90390625 0.4117187500000001 0.79765625 0.30546875000000007 0.59921875 0.5039062500000002 0.70546875 0.6101562500000002
1 0.7085369909763998 0.5013123264692272 0.6439755900046273 0.3699632693197593 0.4259847871355854 0.4771112910689494 0.49054618810735773 0.6084603482184173
0 0.3192898349142649 0.21194420375775264 0.26904756475738784 0.042077480846406425 0.09460735133163078 0.09367247354979934 0.14484962148850786 0.26353919646114554
0 0.3078125 2.870265935501609e-17 0.1609375 1.9709159423777714e-17 0.1609375 0.07187500000000002 0.3078125 0.07187500000000004
0 0.3954618328506413 0.3647199524203558 0.37292097641704597 0.0885944611088126 0.2249909495242036 0.10067038167149359 0.24753180595779894 0.37679587298303685
0 0.4931573275862068 0.10382543103448279 0.38712284482758613 -0.01546336206896548 0.28373922413793096 0.07643318965517243 0.3897737068965516 0.19572198275862068
0 0.562699244966443 0.06189177852349002 0.42560822147651 0.037699244966442995 0.39988989093959726 0.1834364513422819 0.5369809144295302 0.2076289848993289
0 0.625413029925187 0.22544809850374065 0.6153054862842893 0.023297225685785534 0.5130610972568579 0.028409445137157107 0.5231686408977556 0.2305603179551122
0 0.8064033018867924 0.3075884433962264 0.7738030660377357 0.13372051886792452 0.6435200471698114 0.15814858490566036 0.676120283018868 0.3320165094339622
0 0.9353368692660551 0.5161166857798165 0.928903383027523 0.30381163990825694 0.8143305619266055 0.30728354357798165 0.8207640481651376 0.5195885894495412
0 0.9825367647058822 0.7332720588235293 0.9243566176470587 0.5005514705882353 0.6787683823529411 0.5619485294117647 0.7369485294117647 0.7946691176470587
1 0.8506044995794786 0.7238698486122794 0.6485051776703112 0.6157702113120271 0.5659305351135407 0.7701488908746849 0.7680298570227083 0.8782485281749374
0 0.904148790951638 0.9423361934477381 0.8770817082683307 0.7731669266770671 0.6116882800312012 0.8156298751950078 0.6387553627145086 0.9847991419656787
0 0.4215507075471699 0.4566037735849058 0.27561910377358495 0.19392688679245285 0.1315448113207547 0.2739681603773585 0.2774764150943397 0.5366450471698114
0 0.17164099063962562 0.20458755850234014 0.028797776911076496 0.1817326443057722 -0.007512675507020272 0.40867297191887664 0.13533053822152885 0.43152788611544457
0 0.10625000000000004 0.38125 4.7263712404593165e-17 0.38125 6.31458505810354e-17 0.640625 0.10625000000000007 0.640625
0 0.3173770382505334 0.5995437747637915 0.09034069262419997 0.5334968378543127 0.04405907116732706 0.6925899116123133 0.2710954167936605 0.7586368485217921
0 0.48828125 0.6945312499999998 0.41078125 0.46203125 0.27859375 0.50609375 0.35609374999999993 0.7385937499999999
0 0.19687500000000008 0.675 8.342906319191344e-17 0.675 9.806741946297164e-17 0.9140625 0.1968750000000001 0.9140625
0 0.6215577411167513 0.9643083756345175 0.6033550126903554 0.7094701776649746 0.37783153553299487 0.7255789974619289 0.39603426395939084 0.980417195431472
0 0.41419417134831465 0.8931794241573036 0.4112834600132188 0.7330903007270325 0.1717887681758097 0.7374447496695307 0.1746994795109055 0.8975338730998018
0 0.3078125000000001 0.8609375 0.09687500000000011 0.8609375 0.09687500000000013 1 0.3078125000000001 1
0 0.2409322331460674 0.501852176966292 0.17931004213483148 0.2348226825842697 0.09703300561797754 0.25380969101123596 0.15865519662921346 0.5208391853932584