0 0.9409140173410403 0.33781611271676304 0.9238619942196531 0.22697796242774565 0.644418352601156 0.2699692919075144 0.6614703757225433 0.3808074421965318
0 0.7298613357050453 0.25583158150064683 0.60780441461837 0.0978755659767141 0.49725299159120306 0.18330166558861577 0.6193099126778784 0.34125768111254856
0 0.5935919943820224 0.305372191011236 0.517749297752809 0.1840238764044945 0.24331109550561797 0.35554775280898887 0.3191537921348314 0.47689606741573043
1 0.5283437499999999 0.18284375000000005 0.2476875 0.14275000000000002 0.23450000000000001 0.2350625 0.5151562499999999 0.27515625000000005
1 0.718900927327782 0.3747258232399697 0.6854598788796367 0.27568887206661624 0.4320841218773655 0.36124432248296756 0.4655251703255109 0.46028127365632104
0 1.001639600249844 0.526521509993754 0.9970711664584637 0.3437841583385385 0.8501707916926922 0.3474566677076827 0.8547392254840724 0.5301940193628983
1 0.9248750000000001 0.4899375 0.7765625 0.2921875 0.6443125000000002 0.3913749999999999 0.7926250000000001 0.5891249999999999
0 0.8105129716981132 0.5542983490566039 0.6053242924528304 0.36620872641509444 0.505247641509434 0.4753832547169813 0.710436320754717 0.6634728773584907
0 1 0.5140625000000002 0.7859375 0.5140625000000002 0.7859375 0.7140625000000002 1 0.7140625000000002
0 0.5807580594515387 0.4428609744609588 0.31647412078710496 0.4275401664224409 0.3067138109692277 0.5959055107808249 0.5709977496336613 0.6112263188193428
1 0.18505282056619485 0.4035257077435471 0.10130099916736057 0.32312395920066617 -0.060314321398834234 0.4914732514571192 0.023437500000000045 0.571875
0 0.20145470863090723 0.473634563516183 0.0603670842197235 0.436773832814162 -0.012049603023856515 0.7139549460568303 0.12903802138732723 0.7508156767588513
0 0.5454741379310344 0.7285021551724138 0.11794312447434827 0.6102488961312027 0.0654193387300253 0.8001425830529858 0.4929503521867115 0.9183958420941968
0 0.45648711089494165 0.5149562256809338 0.15269333657587553 0.4959691147859922 0.14116001945525297 0.6805021887159534 0.4449537937743191 0.6994892996108949
0 0.8166192277070066 0.6216928742038218 0.4896526671974524 0.5630065684713377 0.46532543789808933 0.6985439888535033 0.7922919984076434 0.7572302945859875
0 0.8590371621621623 0.8479729729729731 0.8319256756756757 0.685304054054054 0.46655405405405415 0.7461993243243243 0.4936655405405407 0.9088682432432436
0 0.3505127553749065 0.24243267996577184 0.1487749358220131 0.2042086720504867 0.10004880201091026 0.46137437827575145 0.3017866215638037 0.4995983861910365