1 0.4528809584178498 0.4971380578093306 0.19244421906693707 0.13653334178498985 0.03966784989858011 0.24687183062880322 0.30010458924949285 0.607476546653144
0 0.3578125 2.918103701093302e-17 0.1078125 1.3872952021591111e-17 0.10781250000000002 0.2 0.3578125 0.2
0 0.128125 8.993499931238374e-18 9.567553118338697e-18 1.1481063742006442e-18 2.4684287045313837e-17 0.246875 0.12812500000000002 0.246875
0 0.6515625 7.233070157464055e-17 0.5265625 6.467665907996959e-17 0.5265625 0.2531250000000001 0.6515625 0.2531250000000001
0 0.9793749999999999 0.45843749999999994 0.8056249999999998 -0.06281249999999998 0.5735937499999999 0.014531250000000018 0.74734375 0.53578125
0 0.5578125 5.204748896376252e-17 0.2609375 3.386913803891899e-17 0.26093750000000004 0.4296875 0.5578125 0.4296875
0 0.7469776619291706 0.547579071528425 0.6669028133737185 0.22000014561975773 0.35845832362534946 0.2953976875582479 0.4385331721808015 0.6229766134669152
0 1.0454256990764494 0.06082574397126743 0.9482566380194971 -0.01972229348383774 0.7964941957414059 0.1633562083119549 0.8936632567983581 0.24390424576706007
0 0.83125 0.5562500000000001 0.4234375000000001 0.55625 0.4234375000000002 1 0.83125 1
0 0.31057272304832717 0.6236617100371749 0.15456900557620817 0.3019040427509294 -0.06609549256505576 0.40889289033457255 0.08990822490706325 0.730650557620818
0 0.36406250000000007 0.621875 0.07031250000000008 0.621875 0.07031250000000012 1 0.36406250000000007 1
0 1 1 0.9968750000000002 0.5234375 0.8577006565157103 0.5243501186457986 0.8608256565157101 1.0009126186457986
0 0.8640625 0.91875 0.7078125000000002 0.91875 0.7078125000000002 1 0.8640625 1
0 0.4515625000000002 0.8765625 0.30937500000000007 0.8765625 0.30937500000000007 1 0.4515625000000002 1
0 0.07187500000000008 0.54375 6.659016970363734e-17 0.54375 9.357066949735246e-17 0.984375 0.0718750000000001 0.984375
0 1.0142456896551726 0.34467672413793116 0.8876508620689657 0.3341271551724139 0.8583728448275864 0.6854633620689656 0.9849676724137932 0.6960129310344829
0 0.4843750000000001 0.5203125 0.24218750000000008 0.5203125 0.24218750000000008 0.8765625 0.48437500000000017 0.8765625
0 0.49375 0.546875 0.3734375000000001 0.546875 0.3734375000000001 0.70625 0.49375 0.70625