1 0.9990734002655797 0.3899510915169638 0.8834602823238453 -0.053644179293433035 0.6708060151169175 0.0017793666575699474 0.7864191330586519 0.44537463746796674
0 0.9794174407680976 0.8144799942617726 0.9501130361545623 0.5276484913045961 0.5644724929374527 0.5670478124994683 0.5937768975509881 0.8538793154566449
0 0.7887458107426775 0.5508681359519654 0.7281982035214638 0.11432073150981821 0.5101550380901444 0.14456256046920948 0.5707026453113581 0.5811099649113566
1 0.7210318124748312 0.5693310846926056 0.3574336354111455 0.2859677735232913 0.18100285132691668 0.5123552730419275 0.5446010283906024 0.795718584211242
0 0.30294211654908204 0.7114332546041637 0.17097357961952914 0.09797174434038165 -0.08494057308105099 0.1530242875666712 0.04702796384850187 0.7664857978304533
0 0.3314539140625001 0.702127659375 1.0161962795939229e-16 0.702127659375 1.1985904838443913e-16 1 0.3314539140625001 1
0 0.6856909076399165 0.9533627119806869 0.3388309571926495 0.6023654133550572 0.14292274676483802 0.7959643738806227 0.4897826972121049 1.1469616725062526
0 0.23151625937500003 1.417628229970811e-17 0 0 9.011142116486468e-18 0.14716311875000002 0.23151625937500003 0.14716311875000004
0 0.614467846875 0.0017730515625000577 0.337018396875 0.0017730515625000408 0.337018396875 0.053191489062500055 0.614467846875 0.05319148906250006
0 0.6896421953125 6.042424480750888e-17 0.2800076375 3.5341362305247905e-17 0.2800076375 0.07446808437500005 0.6896421953125 0.07446808437500008
0 0.695880820903597 0.1018856122414169 0.6819028709446555 0.019795823602950825 0.4848285385651345 0.053352922505041776 0.49880648852407605 0.13544271114350787
0 0.5666846659617096 0.25697440993884674 0.3505161931966821 0.19196942601514602 0.3190471466860478 0.2966170285983568 0.5352156194510753 0.36162201252205756
0 0.4301920939614502 0.5119845973732056 0.32694532607057447 0.20103670628426612 0.15321572508682463 0.25872167634702564 0.25646249297770035 0.569669567435965
2 0.28930593570399954 0.1880765487238433 0.16084931883063264 0.08771752643559627 0.06658300359151638 0.20837565626428106 0.19503962046488327 0.3087346785525281
0 0.5508275852988351 0.10291002378578624 0.3439286926406956 0.03795873183621764 0.29018417156391096 0.20915905077464103 0.49708306422205056 0.2741103427242096
0 1.0281442481749112 0.4895400598526559 0.9899705184024891 0.07565646655971014 0.7033518501012801 0.1020921691794022 0.7415255798737024 0.515975762472348
1 1.0339712200034812 0.6568251302047023 0.862133886606304 0.6250304074022898 0.8161707539185736 0.8734421392712303 0.9880080873157508 0.9052368620736431
2 1 0.8741134765625 0.7868462218750002 0.8741134765625 0.7868462218750002 1 1 1
0 0.9417029000000001 0.8457446812500002 0.5648722967018381 0.7877729064315215 0.5354248215996739 0.9791886400898784 0.9122554248978358 1.037160414908357
1 0.08483860560432623 0.9393795309452451 0.08310971005666735 0.5191683860663712 -0.0016486019969064708 0.5195171113920136 0.00008029355075239441 0.9397282562708875