0 1 8.208960575534602e-17 0.3390625 4.1618856064773335e-17 0.3390625 0.28125000000000006 1 0.2812500000000001
0 0.5502864771744693 0.588277706947361 0.1499330542271789 0.0334732172792885 -0.05058195673560499 0.17816719954913623 0.3497714662116855 0.7329716892172088
0 0.3640625 2.93723880732998e-17 0.115625 1.4159978615141272e-17 0.115625 0.14062500000000003 0.3640625 0.14062500000000006
2 0.6353175709939148 0.4984064401622718 0.37481807809330636 0.000059584178498939266 0.19668166835699796 0.09317634381338741 0.4571811612576065 0.5915231997971603
0 1.1098069852941177 0.20936580882352956 0.9175091911764707 0.0869944852941178 0.5323161764705884 0.6922977941176471 0.7246139705882353 0.814669117647059
0 0.7130075705437027 0.2836749397797661 0.5378247591190639 0.2698447178251893 0.5154421885753613 0.5533572780454233 0.690625 0.5671875000000001
0 0.1834274820434689 0.03997735028450613 4.79217360238593e-18 0.03906249999999999 -0.0031248445321974882 0.6655938287055749 0.1803026375112714 0.6665086789900811
0 0.9957974137931034 0.6941810344827586 0.7489439655172415 0.6736099137931034 0.7227262931034483 0.9882219827586205 0.9695797413793104 1.0087931034482758
0 1 0.40625000000000017 0.8890625 0.40625000000000017 0.8890625 0.7843750000000002 1 0.7843750000000002
0 0.6546875000000001 0.584375 0.15781250000000008 0.584375 0.1578125000000001 1 0.6546875000000002 1
0 0.7046875000000001 0.7296875 0.3593750000000001 0.7296875 0.3593750000000001 1 0.7046875000000001 1
0 0.1953125000000001 0.6359375 7.787988238327699e-17 0.6359375 1.0017228114900615e-16 1 0.19531250000000014 1