2 0.9262112310228492 0.22428763801564192 0.634442330547462 0.18416941420027616 0.5971601364821346 0.45531264376629366 0.8889290369575218 0.4954308675816594
0 0.6031868811881188 0.05094368811881195 0.33431311881188125 0.024056311881188168 0.2888923267326734 0.4782642326732673 0.5577660891089109 0.5051516089108911
0 0.2817006963295174 0.1663869792281365 0.04886403871120033 0.1587944795231913 0.02655401717219401 0.8429684733860497 0.2593906747905111 0.8505609730909949
0 0.45656250000000015 0.4240625000000001 0.3107812500000001 0.37546875000000013 0.16187500000000007 0.8221875000000001 0.3076562500000001 0.8707812500000001
0 0.3875 3.061616997868383e-17 0.1125 1.3777276490407724e-17 0.11250000000000002 0.2265625 0.3875 0.22656250000000006
0 0.17498827392120075 0.32044734990619134 0.1630799898975321 0.0040272315629961055 0.0005917159763313723 0.010142381656804731 0.012499999999999999 0.3265625
0 0.8677696893063581 0.22289360549132953 0.8654826589595375 0.010199783236994256 0.6446244580924855 0.012574602601156065 0.6469114884393063 0.22526842485549134
0 1 0.018750000000000114 0.840625 0.018750000000000107 0.840625 0.2875000000000001 1 0.2875000000000001
0 0.8473824059027628 0.4656046186701218 0.6549945924283016 0.453862639443981 0.6217558344130175 0.9984669053867099 0.8141436478874787 1.0102088846128507
0 0.999937928082192 0.49542594178082205 0.8313613013698632 0.4891823630136988 0.8124678938356164 0.9993043664383562 0.9810445205479452 1.0055479452054796
0 1 0.803125 0.8859375 0.803125 0.8859375 1 1 1
0 0.6171875000000001 0.659375 0.3296875000000001 0.659375 0.3296875000000001 1 0.6171875000000002 1
0 0.6843750000000001 0.4234375 0.528125 0.4234375 0.5281250000000001 0.9078125 0.6843750000000002 0.9078125
0 0.6296875 0.471875 0.3625000000000001 0.471875 0.3625000000000001 0.6875 0.6296875 0.6875
2 0.33281250000000007 0.8265625 0.0015625000000001014 0.8265625 0.0015625000000001118 1 0.33281250000000007 1