1 0.5006892688679245 0.5409593160377358 0.44910141509433965 0.16510495283018872 0.12608136792452831 0.2094410377358491 0.17766922169811322 0.5852954009433963
1 0.34687500000000004 0.353125 4.324534009489091e-17 0.353125 7.079989307570636e-17 0.803125 0.3468750000000001 0.803125
0 0.9908270684013711 0.6821761062636336 0.8709493806481768 0.36450023371766904 0.22488801028357738 0.6082969772514802 0.3447656980367716 0.9259728497974449
0 1 0.2718750000000001 0.896875 0.2718750000000001 0.896875 0.5484375000000001 1 0.5484375000000001
0 1.0000000000000004 1.0000000000000002 0.9968750000000002 0.6093750000000001 0.7636524262447204 0.6112407805900423 0.7667774262447205 1.0018657805900424
0 0.7495771109364473 0.013735683808668386 0.36997719234224113 -0.006645519874242031 0.3590278323602066 0.19728630979115208 0.7386277509544128 0.21766751347406252
0 1 1.0792199917486051e-16 0.75 9.26139141855186e-17 0.75 0.2609375000000001 1 0.2609375000000001
0 0.48125 0.0031250000000000388 0.1625 0.0031250000000000193 0.16250000000000003 0.21875000000000006 0.48125 0.21875000000000008
0 0.21718750000000003 0.12812500000000002 1.5690787114075464e-17 0.128125 3.042481891631705e-17 0.36875 0.2171875000000001 0.36875
0 0.30625 1.8752404111943846e-17 0 0 3.539994653785319e-18 0.057812500000000024 0.30625 0.057812500000000044
1 0.175 0.04062500000000001 4.975127621536122e-18 0.040625 1.0524308430172567e-17 0.13125 0.175 0.13125
0 0.9625 0.16406250000000008 0.4921875 0.16406250000000006 0.4921875 0.41875000000000007 0.9625 0.4187500000000002