0 0.8390625 0.14218750000000008 0.5546875 0.14218750000000008 0.5546875 0.43437500000000007 0.8390625 0.4343750000000002
1 0.4453125 0.09843750000000004 0.2890625 0.09843750000000004 0.2890625 0.28437500000000004 0.4453125 0.2843750000000001
1 0.4 0.0031250000000000375 0.2140625 0.003125000000000026 0.2140625 0.13906250000000003 0.4 0.13906250000000003
2 0.5609375 5.740531871003217e-17 0.3765625 4.6115606030392526e-17 0.3765625 0.16562500000000008 0.5609375 0.16562500000000008
0 0.278125 0.13593750000000002 0.1234375 0.1359375 0.12343750000000002 0.28125 0.278125 0.28125
0 0.36250000000000004 0.271875 0.2265625 0.271875 0.22656250000000006 0.3890625 0.3625000000000001 0.3890625
2 0.5203125 0.4078125 0.3671875000000001 0.4078125 0.3671875000000001 0.5625 0.5203125 0.5625
0 0.3734375000000001 0.4125 0.20468750000000008 0.4125 0.20468750000000008 0.553125 0.3734375000000001 0.553125
0 0.2218750000000001 0.390625 0.06093750000000005 0.390625 0.060937500000000054 0.5515625 0.2218750000000001 0.5515625
0 0.2421875 0.2703125 0.12031250000000004 0.2703125 0.12031250000000004 0.3421875 0.2421875 0.3421875
0 0.4218750000000001 0.5765625 0.1609375000000001 0.5765625 0.1609375000000001 0.86875 0.42187500000000017 0.86875
2 0.2296875000000001 0.675 0.03281250000000008 0.675 0.03281250000000009 0.8625 0.2296875000000001 0.8625
1 0.7437500000000001 0.4078125000000001 0.5171875 0.4078125 0.5171875000000001 0.7328125000000001 0.7437500000000001 0.7328125000000002
0 0.5828125 0.2765625000000001 0.365625 0.2765625000000001 0.36562500000000003 0.415625 0.5828125 0.415625
0 0.6765625000000001 0.5953125 0.403125 0.5953125 0.40312500000000007 0.878125 0.6765625000000002 0.878125
0 0.5765625000000002 0.846875 0.3687500000000001 0.846875 0.3687500000000001 1 0.5765625000000002 1
0 0.884375 0.753125 0.6078125000000002 0.753125 0.6078125000000002 1 0.884375 1
1 0.95 0.3781250000000001 0.7140625 0.3781250000000001 0.7140625 0.5578125 0.95 0.5578125000000002
1 1 0.15468750000000012 0.7609375 0.1546875000000001 0.7609375 0.47656250000000017 1 0.47656250000000017
0 0.88125 0.503125 0.71875 0.503125 0.7187500000000001 0.7515625000000001 0.88125 0.7515625000000001
0 1 0.5203125000000002 0.95 0.5203125000000002 0.95 0.6609375000000002 1 0.6609375000000002
0 0.9609375 0.6890625000000001 0.8859375 0.6890625000000001 0.8859375 0.8 0.9609375 0.8
1 0.678125 0.04687500000000007 0.521875 0.04687500000000007 0.521875 0.18593750000000006 0.678125 0.1859375000000001
0 0.771875 0.03906250000000009 0.6515625 0.039062500000000076 0.6515625 0.1281250000000001 0.771875 0.1281250000000001