1 0.3984375 0.032812500000000036 0.303125 0.032812500000000036 0.303125 0.15156250000000004 0.3984375 0.15156250000000004
1 0.140625 0.0015625000000000096 0.0171875 0.001562500000000002 0.01718750000000001 0.125 0.140625 0.125
0 0.09375000000000003 0.2375 2.9085361479749636e-17 0.2375 3.6739403974420595e-17 0.3625 0.09375000000000004 0.3625
0 0.3984375 0.14843750000000006 0.2296875 0.14843750000000006 0.2296875 0.30312500000000003 0.3984375 0.3031250000000001
1 0.6375 0.08281250000000008 0.528125 0.08281250000000007 0.528125 0.2765625000000001 0.6375 0.2765625000000001
0 0.6015625 0.19062500000000007 0.421875 0.19062500000000004 0.421875 0.3843750000000001 0.6015625 0.3843750000000001
0 0.74375 0.2015625000000001 0.60625 0.2015625000000001 0.60625 0.3531250000000001 0.74375 0.3531250000000001
0 0.9 0.1671875000000001 0.71875 0.1671875000000001 0.71875 0.3296875000000001 0.9 0.3296875000000001
1 0.7828125 0.5171875000000001 0.671875 0.5171875 0.671875 0.6515625 0.7828125 0.6515625000000002
0 0.34375000000000006 0.2890625 0.203125 0.2890625 0.20312500000000006 0.5125 0.3437500000000001 0.5125
0 0.4265625 0.353125 0.2984375 0.353125 0.2984375 0.496875 0.4265625 0.496875
0 0.44375 0.5078125 0.3125000000000001 0.5078125 0.3125000000000001 0.7078125 0.44375 0.7078125
0 0.5453125 0.3968750000000001 0.403125 0.3968750000000001 0.403125 0.6328125 0.5453125 0.6328125
1 0.5828125 0.3468750000000001 0.5203125 0.3468750000000001 0.5203125 0.453125 0.5828125 0.453125
0 0.6609375 0.33281250000000007 0.5640625 0.33281250000000007 0.5640625 0.4296875 0.6609375 0.4296875
0 0.6546875 0.521875 0.5703125 0.521875 0.5703125 0.703125 0.6546875 0.703125
0 0.584375 0.4484375 0.51875 0.4484375 0.51875 0.5921875 0.584375 0.5921875
0 0.6187500000000001 0.6953125 0.5015625 0.6953125 0.5015625000000001 0.959375 0.6187500000000001 0.959375
0 0.828125 0.6171875000000001 0.64375 0.6171875 0.64375 0.85625 0.828125 0.85625
0 0.8015625 0.865625 0.6453125000000002 0.865625 0.6453125000000002 1 0.8015625 1