0 0.954346153846154 0.5922932692307692 0.9473461538461538 0.46629326923076925 0.8412499999999998 0.4721875 0.8482499999999998 0.5981875
0 1 0.7968750000000002 0.8203125 0.7968750000000002 0.8203125 0.9203125 1 0.9203125
0 1 0.7390625000000002 0.928125 0.7390625000000002 0.928125 0.8765625 1 0.8765625
2 0.9728277439024391 0.7085746951219513 0.8497332317073172 0.6100990853658537 0.7867759146341463 0.688795731707317 0.9098704268292682 0.7872713414634146
0 0.9904471982758623 0.6030226293103449 0.8503071120689656 0.5947790948275863 0.8421875 0.7328125000000001 0.9823275862068966 0.7410560344827587
0 0.8334770270270273 0.6092503378378379 0.8318932432432435 0.5015530405405405 0.7068743243243243 0.503391554054054 0.708458108108108 0.6110888513513514
1 0.8646810732647815 0.4038640745501286 0.7519460957583547 0.37463648778920317 0.7205394440874036 0.4957764299485862 0.8332744215938304 0.5250040167095117
0 0.8559521092037985 0.6192282231555882 0.7340337381300222 0.5774276387874362 0.7015191289262237 0.6722619156318481 0.8234375 0.7140625000000002
0 0.6695220588235294 0.4590257352941177 0.5800183823529412 0.4391360294117647 0.5465992647058824 0.5895220588235295 0.6361029411764706 0.6094117647058824
0 0.7322246287128713 0.5628712871287129 0.7225866336633663 0.4664913366336633 0.6245049504950495 0.47629950495049495 0.6341429455445544 0.5726794554455445
1 0.9226323529411765 0.40622058823529433 0.8716838235294115 0.343514705882353 0.7894485294117646 0.4103308823529412 0.8403970588235294 0.4730367647058825
2 1.01107189119171 0.4568231865284974 0.9478448834196893 0.3601230569948187 0.8834342616580312 0.4022376943005182 0.9466612694300519 0.4989378238341969
1 0.9412683823529411 0.44430147058823544 0.8688419117647058 0.42619485294117665 0.8579044117647058 0.4699448529411766 0.9303308823529411 0.4880514705882354
1 0.5703125 0.465625 0.478125 0.465625 0.478125 0.6609375 0.5703125 0.6609375
2 0.5778418508287293 0.42524516574585636 0.5048912292817679 0.4051208563535912 0.4935652624309392 0.4461774861878453 0.5665158839779005 0.4663017955801106
0 0.7109375 0.5703125 0.609375 0.5703125 0.609375 0.6828125 0.7109375 0.6828125
0 0.7171875000000001 0.6578125 0.6046875 0.6578125 0.6046875 0.740625 0.7171875000000002 0.740625
1 0.7812500000000001 0.7015625000000001 0.703125 0.7015625 0.7031250000000001 0.8453125 0.7812500000000002 0.8453125
0 0.8515625 0.7890625000000002 0.7765625000000002 0.7890625000000002 0.7765625000000002 0.8546875 0.8515625 0.8546875
0 0.8109375 0.8234375 0.6203125000000002 0.8234375 0.6203125000000002 0.9625 0.8109375 0.9625
0 0.9640625 0.875 0.7812500000000002 0.875 0.7812500000000002 1 0.9640625 1
0 0.5781250000000001 0.6796875 0.484375 0.6796875 0.4843750000000001 0.7765625 0.5781250000000002 0.7765625
0 0.6125 0.5609375 0.5609375 0.5609375 0.5609375 0.6546875 0.6125 0.6546875
0 0.45625 0.6375 0.33281250000000007 0.6375 0.33281250000000007 0.721875 0.45625 0.721875
0 0.1687500000000001 0.6171875 0.012500000000000077 0.6171875 0.012500000000000086 0.7859375 0.1687500000000001 0.7859375
0 0.2765625000000001 0.634375 0.1765625000000001 0.634375 0.1765625000000001 0.7515625 0.2765625000000001 0.7515625
0 0.6609375000000002 0.771875 0.5125000000000002 0.771875 0.5125000000000002 0.9203125 0.6609375000000002 0.9203125
0 0.6203125000000002 0.8734375 0.4234375000000002 0.8734375 0.4234375000000002 1 0.6203125000000002 1
0 0.4421875000000002 0.8453125 0.3078125000000001 0.8453125 0.3078125000000001 0.9953125 0.4421875000000002 0.9953125
0 0.4125000000000002 0.765625 0.2921875000000001 0.765625 0.2921875000000001 0.8984375 0.4125000000000002 0.8984375
0 0.5109375000000002 0.79375 0.4187500000000002 0.79375 0.4187500000000002 0.9015625 0.5109375000000002 0.9015625
0 0.48125000000000007 0.7171875 0.3593750000000001 0.7171875 0.3593750000000001 0.8203125 0.4812500000000002 0.8203125
0 0.2671875000000001 0.85625 0.1312500000000001 0.85625 0.13125000000000012 1 0.2671875000000001 1
0 0.27031250000000007 0.7671875 0.08906250000000009 0.7671875 0.0890625000000001 0.896875 0.27031250000000007 0.896875
0 0.3109375000000001 0.9296875 0.2406250000000001 0.9296875 0.2406250000000001 1 0.3109375000000001 1
0 0.09687500000000013 0.865625 1.0600848855119278e-16 0.865625 1.1414090870178068e-16 0.9984375 0.09687500000000013 0.9984375