0 0.749375 0.13624999999999998 0.6981250000000001 0.03375000000000004 0.6143750000000001 0.07562500000000005 0.665625 0.178125
0 0.6789655497650495 0.27934724486524415 0.6322753992209449 0.2707983438576282 0.6095598494558951 0.39486018961738417 0.6562499999999999 0.40340909062500013
0 0.6772384079588729 0.20633961289935715 0.6268399178332479 0.19887316930940618 0.6153771347301895 0.27624694895052027 0.6657756248558144 0.28371339254047123
1 0.6950960365853659 0.20557317073170736 0.6934786585365854 0.1538170731707317 0.6098201219512195 0.15643140243902437 0.6114374999999999 0.20818750000000003
1 0.4699830271565496 0.40979932108626194 0.44802915335463267 0.3339586661341853 0.3577336261980831 0.36009684504792333 0.37968750000000007 0.4359375
0 0.5443141955098223 0.30951531805425636 0.48060102899906454 0.281906279232928 0.41747836763330215 0.42757395930776426 0.4811915341440599 0.45518299812909274
0 0.6264141320474776 0.25320845697329386 0.5622934974891577 0.24835083314311807 0.5475940139237616 0.4423840162063456 0.6117146484820817 0.4472416400365214
0 0.5776299504950495 0.41120049504950507 0.5060024752475248 0.40403774752475263 0.49040841584158423 0.5599783415841585 0.5620358910891089 0.567141089108911
0 0.6443641293482607 0.38648103258696526 0.574704493202719 0.38508783986405437 0.5715669982007198 0.5419625899640145 0.6412266343462616 0.5433557826869253
0 0.6696253515075768 0.7403406206061552 0.6670998672082485 0.5383018766598968 0.5868975550695203 0.539304405561631 0.5894230393688485 0.7413431495078894
2 0.5999399038461539 0.7262620192307694 0.5650240384615385 0.5516826923076923 0.46887019230769234 0.5709134615384616 0.5037860576923077 0.7454927884615385
0 0.5378845939134873 0.7868428607885671 0.4928171254944494 0.6022808472629833 0.3735479536174557 0.6314047148143421 0.41861542203649355 0.815966728339926
0 0.6144681704707562 0.7391405135520686 0.5359419579172611 0.7240393188302426 0.49423814194008564 0.940899161911555 0.5727643544935808 0.9560003566333808
0 0.541442047347959 0.799414659122466 0.42759346362121653 0.7975171827270202 0.4242953346292698 0.9954049222438209 0.5381439183560123 0.9973023986392666
0 0.7217941810344828 0.8939385775862068 0.7119612068965517 0.7267780172413792 0.6422575431034483 0.7308782327586206 0.6520905172413792 0.8980387931034481
0 0.6560848445595856 0.718184909326425 0.5837548575129535 0.7135184585492229 0.5759698834196892 0.8341855569948189 0.6482998704663213 0.8388520077720208
0 0.6921875000000002 0.83125 0.5656250000000002 0.83125 0.5656250000000002 1 0.6921875000000002 1
0 0.7906250000000001 0.6062500000000001 0.6890625 0.60625 0.6890625000000001 0.809375 0.7906250000000001 0.809375
1 0.8983133561643838 0.5285231164383564 0.7967251712328768 0.5178296232876713 0.7753381849315069 0.721005993150685 0.8769263698630139 0.7316994863013699
2 0.7359375 0.5578125 0.6546875 0.5578125 0.6546875 0.6265625000000001 0.7359375 0.6265625000000001
2 0.8429575596816976 0.299529177718833 0.8247596153846153 0.16911057692307693 0.7478415119363395 0.17984333554376658 0.7660394562334218 0.3102619363395226
2 0.9635989367219919 0.27892570020746904 0.8350557572614109 0.20450596473029062 0.7949397043568467 0.2737973288381745 0.9234828838174275 0.34821706431535293
2 1.0000272340572693 0.39334494743394666 0.996875 0.259375 0.9340972558445152 0.26085212339189373 0.9372494899017845 0.3948220708258404
2 0.9734375000000002 0.7171875 0.9708588171986561 0.5392583867072659 0.8684346781814364 0.5407427945191097 0.8710133609827805 0.7186719078118438
1 1.0165624999999998 0.7137500000000001 0.8834375 0.6471875000000001 0.8396874999999999 0.7346875000000002 0.9728124999999999 0.8012500000000001
0 0.920087303189342 0.7216800817521196 0.8241572466693581 0.6820567975373436 0.7679463564796125 0.8181463211546225 0.8638764129995963 0.8577696053693984
0 0.8367479253112033 0.9331172199170125 0.7939834024896266 0.7727502593360995 0.7261994294605808 0.7908259854771783 0.7689639522821576 0.9511929460580912
0 0.7937500000000002 0.853125 0.7000000000000002 0.853125 0.7000000000000002 1 0.7937500000000002 1
0 0.9678211175616838 0.9032152576197389 0.9480927975326562 0.77607719521045 0.8546793359941945 0.7905723875181424 0.8744076560232221 0.9177104499274312
0 1 0.7656250000000002 0.9515625 0.7656250000000002 0.9515625 0.9015625 1 0.9015625
0 0.9005279436860066 0.9927687713310579 0.8861188139931739 0.8702911689419794 0.791110281569966 0.8814686433447099 0.8055194112627987 1.0039462457337884
0 0.996875 0.86875 0.86875 0.86875 0.86875 1 0.996875 1
0 0.7671875 0.42656250000000007 0.64375 0.4265625 0.64375 0.5781250000000001 0.7671875 0.5781250000000002
0 1 0.5562500000000001 0.959375 0.5562500000000001 0.959375 0.6640625000000002 1 0.6640625000000002
0 1 0.5187500000000002 0.928125 0.5187500000000002 0.928125 0.5812500000000002 1 0.5812500000000002
0 0.771875 0.1546875000000001 0.675 0.1546875000000001 0.675 0.2500000000000001 0.771875 0.2500000000000001
0 0.8125 0.2468750000000001 0.6921875 0.2468750000000001 0.6921875 0.36406250000000007 0.8125 0.36406250000000007
0 0.29133083757498646 0.5989286038902019 0.2294721982366843 0.5947489660970733 0.2193064329212871 0.7452022927649519 0.28116507225958925 0.7493819305580803
0 0.39226902732128194 0.6227653810599837 0.293125385168447 0.5911237931388662 0.25435818097781426 0.7125943662695151 0.3535018231306492 0.7442359541906327
0 0.4375625 0.5254375 0.32976250000000007 0.5058374999999999 0.30721250000000005 0.6298625 0.4150125 0.6494625
0 0.486937185138539 0.42860516372795987 0.40512830604533995 0.40277078085642326 0.35428605163727955 0.5637712531486146 0.43609493073047856 0.5896056360201511
0 0.32728201219512204 0.45353810975609765 0.24616006097560983 0.45100304878048786 0.2412560975609757 0.6079298780487805 0.3223780487804879 0.6104649390243904
0 0.255475 0.5152 0.15482500000000005 0.4969 0.12230000000000005 0.6757875 0.22295000000000006 0.6940875
0 0.12852662984589452 0.6791846631952805 0.11895805742836503 0.5050366451962437 0.03124209908499878 0.5098562033469781 0.0408106715025283 0.6840042213460149
0 0.25150680112570367 0.7248592870544092 0.16722560975609763 0.7175304878048782 0.154766651031895 0.8608085131332084 0.23904784240150107 0.8681373123827394
0 0.3275717009283821 0.7292378149867375 0.256457228116711 0.7160684681697613 0.22467879641909824 0.88767199933687 0.2957932692307694 0.9008413461538464
0 0.1413640946597443 0.827435448729835 0.05881524661598382 0.8183889996291489 0.03950781105136296 0.9945693491563139 0.12205665909512345 1.003615798257
0 0.22563252737226294 0.8539714872262776 0.13229037408759137 0.8343811587591242 0.09875570255474464 0.9941640054744525 0.19209785583941622 1.013754333941606
0 0.20709051724137942 0.6685237068965517 0.06869073275862078 0.6603825431034482 0.058626077586206984 0.8314816810344826 0.1970258620689656 0.8396228448275862
0 0.13919942010309277 0.8024565077319586 0.1259681056701031 0.6657329252577319 0.05291237113402063 0.6728028350515463 0.06614368556701032 0.8095264175257733
0 0.4082604665967645 0.4350410987118035 0.34742875599161177 0.40864243184541643 0.30408412597363693 0.5085235357998801 0.36491583657878973 0.5349222026662672
0 0.4309423575129535 0.3016434585492229 0.34729598445595855 0.25284974093264256 0.2835411269430052 0.36214378238341977 0.3671875000000001 0.4109375000000002
0 0.49874201277955266 0.34198781948881785 0.49267671725239615 0.19035543130990412 0.402633286741214 0.19395716853035141 0.4086985822683705 0.34558955670926517
0 0.590222909556314 0.175800981228669 0.5336390784982934 0.1640571672354949 0.48497440273037534 0.39853242320819116 0.541558233788396 0.4102762372013652
0 0.528125 0.13281250000000006 0.4390625 0.13281250000000006 0.4390625 0.2375000000000001 0.528125 0.2375000000000001
0 0.54375 0.001562500000000061 0.4546875 0.0015625000000000556 0.4546875 0.16875000000000004 0.54375 0.16875000000000004
0 0.5765625 0.03750000000000007 0.521875 0.03750000000000007 0.521875 0.15937500000000007 0.5765625 0.1593750000000001
0 0.6296875 0.02968750000000007 0.5609375 0.029687500000000068 0.5609375 0.1781250000000001 0.6296875 0.1781250000000001
0 0.575 6.553773886062008e-17 0.4953125 6.065828677026735e-17 0.4953125 0.06093750000000007 0.575 0.06093750000000007
0 0.3243028846153846 0.2055769230769231 0.2633413461538462 0.19795673076923076 0.2463221153846154 0.33411057692307694 0.3072836538461538 0.3417307692307693
0 0.31831207159177466 0.3119668697638995 0.25558775228484387 0.30581742669459255 0.24380652608530085 0.4259859339299316 0.30653084539223163 0.43213537699923854
0 0.3224935506566605 0.4061679174484053 0.2622156425891182 0.40092636022514067 0.2557604362101314 0.4751612335834897 0.31603834427767363 0.48040279080675424
0 0.3789558636748519 0.33716262701100763 0.3166543183742591 0.32800063505503807 0.2966699301439458 0.46389447502116843 0.3589714754445386 0.473056466977138
0 0.4480794185282523 0.14615267739816035 0.38934584428383706 0.12488707293035484 0.33785479632063076 0.2671004434954008 0.396588370565046 0.2883660479632063
0 0.3703125 0.18750000000000006 0.3140625 0.18750000000000006 0.3140625 0.275 0.3703125 0.2750000000000001
2 0.3959375 0.20437499999999997 0.340625 0.09375 0.26437499999999997 0.13187500000000002 0.3196875 0.2425
0 0.44843749999999993 0.07187500000000004 0.36283017886855234 0.05404014143094847 0.3445533485856905 0.14176892678868558 0.43016066971713796 0.15960378535773714
0 0.275 0.043750000000000025 0.21875 0.043750000000000025 0.21875 0.12968750000000004 0.275 0.12968750000000004
0 0.3359375 0.03906250000000004 0.2875 0.039062500000000035 0.2875 0.12187500000000004 0.3359375 0.12187500000000004
0 0.4015625 0.012500000000000044 0.321875 0.012500000000000039 0.321875 0.07656250000000005 0.4015625 0.07656250000000005
0 0.2921875 0.08906250000000003 0.2515625 0.08906250000000002 0.2515625 0.2078125 0.2921875 0.2078125
1 0.2453125 0.15156250000000002 0.1578125 0.1515625 0.15781250000000002 0.2703125 0.2453125 0.2703125
0 0.215625 0.07656250000000002 0.1625 0.07656250000000002 0.1625 0.17500000000000002 0.215625 0.17500000000000004
0 0.18750000000000006 0.2828125 0.11875000000000005 0.2828125 0.11875000000000005 0.384375 0.18750000000000006 0.384375
0 0.20156250000000003 0.35625 0.12500000000000006 0.35625 0.12500000000000006 0.4953125 0.2015625000000001 0.4953125
0 0.25312500000000004 0.234375 0.20625 0.234375 0.20625000000000004 0.4046875 0.2531250000000001 0.4046875
0 0.2578125000000001 0.3890625 0.17812500000000003 0.3890625 0.17812500000000003 0.5421875 0.2578125000000001 0.5421875
0 0.16562500000000005 0.365625 0.051562500000000046 0.365625 0.05156250000000005 0.5125 0.16562500000000005 0.5125
0 0.10156250000000004 0.2734375 3.348643591418544e-17 0.2734375 4.190588265832349e-17 0.4109375 0.10156250000000004 0.4109375
0 0.06562500000000006 0.4421875 5.415235064979703e-17 0.4421875 6.305017504985202e-17 0.5875 0.06562500000000007 0.5875
0 0.084375 0.0890625 1.0907010554906114e-17 0.0890625 1.7604297737743203e-17 0.1984375 0.08437500000000002 0.1984375
0 0.1125 0.028125000000000004 0.0265625 0.028125 0.026562500000000006 0.09687500000000002 0.1125 0.09687500000000002
0 0.178125 0.004687500000000016 0.078125 0.004687500000000009 0.07812500000000001 0.1359375 0.178125 0.1359375
0 0.16875 0.1140625 0.1140625 0.1140625 0.11406250000000002 0.2625 0.16875000000000004 0.2625
0 0.11093750000000002 0.159375 0.04531250000000002 0.159375 0.045312500000000026 0.2796875 0.11093750000000005 0.2796875
1 0.14843750000000006 0.2515625 0.10312500000000005 0.2515625 0.10312500000000005 0.3421875 0.14843750000000006 0.3421875
0 0.03125000000000003 0.196875 2.4110233858213517e-17 0.196875 2.8894010417382865e-17 0.275 0.031250000000000035 0.275
0 0.2546875 0.012500000000000028 0.19375 0.012500000000000022 0.19375 0.08281250000000002 0.2546875 0.08281250000000002