2 0.9934829210008435 0.7528320037953332 0.7227201644644363 0.36261508996345243 0.4971438360978353 0.519137440258645 0.7679065926342423 0.9093543540905257
0 0.6947034687440563 0.8547240537627591 0.5594637592721738 0.4836011300957332 0.34678901445508137 0.5611012489697585 0.4820287239269637 0.9322241726367843
1 0.48972520625644567 0.49435609315916135 0.37205289618425585 0.46088034977655556 0.29360841354417333 0.7366245917841183 0.4112807236163631 0.770100335166724
0 0.7948161118577483 0.2234870903545954 0.6735483110203658 0.0931694536338262 0.38234857980977976 0.3641469812881216 0.5036163806471622 0.49446461800889085
0 1.0339056003118503 0.3384534173596675 0.7876543009355509 0.2450477520790022 0.7014488045738045 0.4723167879417881 0.9477001039501041 0.5657224532224534
1 0.15647289062500008 0.5421875 0.0017853906250000703 0.5421875 0.001785390625000079 0.684375 0.15647289062500008 0.684375
0 0.242417716778287 0.5354798202326402 0.0508156723651745 0.3044302960874163 -0.05782186288332747 0.39451995946422286 0.13378018152978505 0.6255694836094466
0 0.07187500000000006 0.4796875 5.903180274014976e-17 0.4796875 6.582476545417023e-17 0.590625 0.07187500000000006 0.590625
2 0.373702751273638 0.5276616872463519 0.1783478866246439 0.5030806115620413 0.14235426021068992 0.7891352214834644 0.3377091248596841 0.8137162971677749
2 1 0.6073983781250002 0.9349722234375 0.6073983781250002 0.9349722234375 0.7895953968750001 1 0.7895953968750001
0 0.109375 0.012500000000000006 1.6264840301175787e-18 0.0125 1.358592542804095e-17 0.2078125 0.10937500000000003 0.2078125
0 0.2235036609033169 0.2600763055751588 0.1658722212420607 0.12955804516584332 -0.012261600211714897 0.20821453775582216 0.045369839449541274 0.3387327981651376
0 0.37321344339622636 0.5326591981132076 0.3444516509433962 0.3792629716981132 0.20879127358490565 0.40469929245283015 0.23755306603773585 0.5580955188679245
0 0.49294243762993767 0.29712902806652813 0.3363474532224533 0.29073739604989607 0.3266774948024948 0.5276513773388773 0.4832724792099792 0.5340430093555095
0 0.33125000000000004 0.284375 0.07031250000000004 0.284375 0.07031250000000006 0.4703125 0.3312500000000001 0.4703125
0 0.76875 8.132420150587893e-17 0.559375 6.850368032730508e-17 0.559375 0.21875000000000008 0.76875 0.21875000000000008
2 1 0.012500000000000108 0.7546875 0.012500000000000094 0.7546875 0.3000000000000001 1 0.3000000000000001
0 0.6875 0.009375000000000053 0.175 0.009375000000000022 0.17500000000000002 0.33906250000000004 0.6875 0.3390625000000001
0 0.8546875 0.7734375000000001 0.6203125000000002 0.7734375 0.6203125000000002 0.96875 0.8546875 0.96875
2 0.940625 0.90625 0.7421875000000002 0.90625 0.7421875000000002 1 0.940625 1