0 0.615625 0.05156250000000005 0.4375 0.051562500000000046 0.4375 0.3375000000000001 0.615625 0.3375000000000001
0 0.7109375 0.2906250000000001 0.421875 0.2906250000000001 0.421875 0.4421875 0.7109375 0.4421875
0 0.784375 0.4156250000000001 0.5953125 0.415625 0.5953125 0.6312500000000001 0.784375 0.6312500000000002
1 0.9234375 0.3375000000000001 0.690625 0.3375000000000001 0.690625 0.5859375000000001 0.9234375 0.5859375000000002
0 0.809375 0.5531250000000001 0.58125 0.553125 0.58125 0.7671875000000001 0.809375 0.7671875000000001
0 1 0.5531250000000002 0.7609375 0.5531250000000002 0.7609375 0.7593750000000001 1 0.7593750000000001
0 0.9203125 0.6812500000000001 0.7125 0.68125 0.7125000000000001 0.8390625 0.9203125 0.8390625
0 0.7078125000000001 0.6703125 0.4484375 0.6703125 0.4484375000000001 0.8421875 0.7078125000000002 0.8421875
0 0.4406250000000001 0.6578125 0.20468750000000008 0.6578125 0.20468750000000008 0.7875 0.44062500000000016 0.7875
0 0.4359375000000002 0.79375 0.2078125000000001 0.79375 0.2078125000000001 0.9796875 0.4359375000000002 0.9796875
0 0.7593750000000001 0.815625 0.5046875000000002 0.815625 0.5046875000000002 0.9921875 0.7593750000000001 0.9921875
0 0.96875 0.8625 0.7843750000000002 0.8625 0.7843750000000002 1 0.96875 1
0 0.6265625000000001 0.8984375 0.3578125000000001 0.8984375 0.3578125000000001 1 0.6265625000000001 1
0 0.22812500000000008 0.734375 8.993499931238375e-17 0.734375 1.027555204909576e-16 0.94375 0.22812500000000008 0.94375
0 0.36718750000000006 0.3375 0.14062500000000006 0.3375 0.14062500000000006 0.5328125 0.3671875000000001 0.5328125
0 0.27812500000000007 0.5265625 0.026562500000000065 0.5265625 0.02656250000000008 0.709375 0.27812500000000007 0.709375
0 0.07812500000000008 0.5328125 6.52507122670699e-17 0.5328125 7.606204729079263e-17 0.709375 0.07812500000000008 0.709375
0 0.17500000000000004 0.3015625 3.693075503678737e-17 0.3015625 5.013397834009477e-17 0.5171875 0.17500000000000004 0.5171875
0 0.3 0.09062500000000002 0.03281250000000001 0.090625 0.03281250000000002 0.3140625 0.3 0.3140625
0 0.29375 2.1335643453895294e-17 0.0546875 6.6972871828370884e-18 0.054687500000000014 0.13125000000000003 0.29375 0.13125000000000003
0 0.428125 0.02500000000000004 0.203125 0.025000000000000022 0.203125 0.321875 0.428125 0.3218750000000001
0 0.690625 0.003125000000000073 0.4953125 0.003125000000000061 0.4953125 0.23593750000000008 0.690625 0.23593750000000008
0 0.8609375 0.15625000000000008 0.6546875 0.15625000000000008 0.6546875 0.3078125000000001 0.8609375 0.3078125000000001
0 0.78125 0.042187500000000086 0.64375 0.04218750000000008 0.64375 0.2015625000000001 0.78125 0.2015625000000001
0 0.684375 0.003125000000000078 0.584375 0.003125000000000072 0.584375 0.06718750000000008 0.684375 0.0671875000000001
0 0.953125 0.025000000000000105 0.71875 0.025000000000000088 0.71875 0.19218750000000012 0.953125 0.19218750000000012
0 0.9921875 0.05156250000000011 0.875 0.05156250000000011 0.875 0.1343750000000001 0.9921875 0.13437500000000013
0 1 0.07812500000000012 0.9671875 0.07812500000000011 0.9671875 0.11875000000000013 1 0.11875000000000013