0 0.22921875000000008 0.3389062500000001 0.19359375000000006 0.32703125000000005 0.17500000000000004 0.38281250000000006 0.21062500000000006 0.3946875000000001
0 0.25771875 0.37590625 0.24793749999999998 0.3074375 0.21053124999999998 0.31278125 0.2203125 0.38125
0 0.28943396226415097 0.3977063679245283 0.2592747641509434 0.3648054245283019 0.22764740566037736 0.3937971698113208 0.2578066037735849 0.4266981132075472
0 0.340625 0.35468749999999993 0.27608714188267397 0.29905141541609814 0.23571900579809002 0.3458784532742155 0.30025686391541606 0.4015145378581172
0 0.33853462837837844 0.3711359797297298 0.2915118243243243 0.3462415540540541 0.26680743243243243 0.3929054054054054 0.31383023648648656 0.41779983108108115
0 0.38142149390243907 0.43435594512195114 0.3722751524390244 0.3520388719512195 0.3158536585365854 0.35830792682926826 0.32500000000000007 0.440625
0 0.3086363225835692 0.4105037914910451 0.25864808149421203 0.4088368001709858 0.25713477449777783 0.45421649355611554 0.307123015587135 0.4558834848761749
0 0.3899488794964223 0.4895865679883795 0.3478637904507588 0.4864202404548618 0.34352906411109824 0.5440350456391279 0.38561415315676173 0.5472013731726455
0 0.3972126304744523 0.46770948584039396 0.38007810781249995 0.426953125 0.343153345379365 0.44247679211972724 0.3602878680413174 0.48323315296012115
0 0.35625000000000007 0.415625 0.2843750000000001 0.415625 0.2843750000000001 0.5375 0.35625000000000007 0.5375
2 0.36372665975103746 0.5172562240663902 0.27277489626556023 0.49853086099585064 0.2531509336099586 0.5938472510373445 0.3441026970954358 0.612572614107884
0 0.2656250000000001 0.4046875 0.19843750000000004 0.4046875 0.19843750000000004 0.4609375 0.2656250000000001 0.4609375
2 0.19687500000000005 0.390625 0.16093750000000004 0.390625 0.16093750000000004 0.4546875 0.19687500000000005 0.4546875
0 0.2078125000000001 0.4484375 0.16875000000000004 0.4484375 0.16875000000000004 0.4875 0.2078125000000001 0.4875
1 0.17968750000000006 0.4078125 0.11406250000000004 0.4078125 0.11406250000000004 0.459375 0.17968750000000006 0.459375
0 0.18281250000000004 0.48125 0.11093750000000005 0.48125 0.11093750000000005 0.5265625 0.18281250000000004 0.5265625
0 0.2062500000000001 0.5 0.15937500000000004 0.5 0.15937500000000007 0.565625 0.2062500000000001 0.565625
0 0.26250000000000007 0.48125 0.20468750000000008 0.48125 0.20468750000000008 0.534375 0.26250000000000007 0.534375
0 0.15000000000000008 0.5296875 0.08906250000000007 0.5296875 0.08906250000000007 0.6 0.15000000000000008 0.6
0 0.18750000000000008 0.5703125 0.1281250000000001 0.5703125 0.1281250000000001 0.625 0.18750000000000008 0.625
0 0.1828125000000001 0.6265625 0.1296875000000001 0.6265625 0.1296875000000001 0.684375 0.1828125000000001 0.684375
0 0.2531250000000001 0.5703125 0.1843750000000001 0.5703125 0.1843750000000001 0.6734375 0.2531250000000001 0.6734375
0 0.2593750000000001 0.5546875 0.2171875000000001 0.5546875 0.2171875000000001 0.60625 0.2593750000000001 0.60625
0 0.4015625 0.571875 0.3453125000000001 0.571875 0.3453125000000001 0.6265625 0.4015625 0.6265625
2 0.3593750000000001 0.6109375 0.29375000000000007 0.6109375 0.29375000000000007 0.690625 0.3593750000000001 0.690625
0 0.2921875000000001 0.6515625 0.2312500000000001 0.6515625 0.2312500000000001 0.7109375 0.2921875000000001 0.7109375
0 0.2000000000000001 0.68125 0.1546875000000001 0.68125 0.1546875000000001 0.725 0.2000000000000001 0.725
1 0.2312500000000001 0.6609375 0.1921875000000001 0.6609375 0.1921875000000001 0.725 0.2312500000000001 0.725
0 0.28593750000000007 0.7015625 0.2500000000000001 0.7015625 0.2500000000000001 0.7484375 0.28593750000000007 0.7484375
0 0.31718750000000007 0.68125 0.27031250000000007 0.68125 0.27031250000000007 0.7390625 0.31718750000000007 0.7390625
0 0.6218750000000002 0.771875 0.5703125000000002 0.771875 0.5703125000000002 0.859375 0.6218750000000002 0.859375
0 0.6484375000000002 0.7453125 0.5875000000000001 0.7453125 0.5875000000000001 0.821875 0.6484375000000002 0.821875
0 0.4968750000000002 0.8671875 0.4234375000000002 0.8671875 0.4234375000000002 0.959375 0.4968750000000002 0.959375
1 0.4359375000000002 0.7859375 0.3765625000000001 0.7859375 0.3765625000000001 0.8640625 0.4359375000000002 0.8640625
0 0.3968750000000001 0.828125 0.3468750000000001 0.828125 0.3468750000000001 0.8875 0.3968750000000001 0.8875
0 0.6328125000000002 0.9171875 0.5703125000000002 0.9171875 0.5703125000000002 0.9859375 0.6328125000000002 0.9859375
0 0.5562500000000001 0.8640625 0.48750000000000016 0.8640625 0.48750000000000016 0.9375 0.5562500000000001 0.9375
1 0.5765625000000002 0.85 0.5359375000000002 0.85 0.5359375000000002 0.9171875 0.5765625000000002 0.9171875
0 0.5671875000000002 0.9375 0.4984375000000002 0.9375 0.4984375000000002 1 0.5671875000000002 1
0 0.5750000000000002 0.9125 0.5453125000000002 0.9125 0.5453125000000002 0.9546875 0.5750000000000002 0.9546875
0 0.5406250000000001 0.809375 0.4828125000000002 0.809375 0.4828125000000002 0.875 0.5406250000000001 0.875
0 0.4734375000000002 0.7703125 0.4265625000000002 0.7703125 0.4265625000000002 0.8734375 0.4734375000000002 0.8734375
1 0.4390625000000002 0.7390625 0.40156250000000016 0.7390625 0.40156250000000016 0.7921875 0.4390625000000002 0.7921875
1 0.4156250000000001 0.7046875 0.3890625000000001 0.7046875 0.3890625000000001 0.7515625 0.4156250000000002 0.7515625
1 0.44375 0.640625 0.4078125 0.640625 0.4078125 0.7 0.44375 0.7
0 0.4562500000000001 0.684375 0.425 0.684375 0.4250000000000001 0.7375 0.45625000000000016 0.7375
0 0.4953125000000001 0.7109375 0.453125 0.7109375 0.4531250000000001 0.7734375 0.49531250000000016 0.7734375
0 0.5359375000000001 0.684375 0.475 0.684375 0.4750000000000001 0.746875 0.5359375000000002 0.746875
0 0.5781250000000001 0.7140625 0.5296875 0.7140625 0.5296875000000001 0.7765625 0.5781250000000002 0.7765625
0 0.5531250000000002 0.784375 0.5015625000000001 0.784375 0.5015625000000001 0.83125 0.5531250000000002 0.83125
0 0.5734375000000002 0.775 0.5296875000000002 0.775 0.5296875000000002 0.8 0.5734375000000002 0.8
0 0.5796875000000001 0.8265625 0.5203125000000002 0.8265625 0.5203125000000002 0.8515625 0.5796875000000001 0.8515625
0 0.6500000000000001 0.821875 0.6078125000000002 0.821875 0.6078125000000002 0.9 0.6500000000000001 0.9
0 0.6968750000000001 0.803125 0.6546875000000002 0.803125 0.6546875000000002 0.8640625 0.6968750000000001 0.8640625
0 0.7109375000000002 0.8671875 0.6671875000000002 0.8671875 0.6671875000000002 0.915625 0.7109375000000002 0.915625
0 0.7203125000000001 0.9171875 0.6578125000000001 0.9171875 0.6578125000000001 0.9671875 0.7203125000000001 0.9671875
0 0.6765625000000002 0.9359375 0.6218750000000002 0.9359375 0.6218750000000002 0.984375 0.6765625000000002 0.984375
0 0.6734375000000001 0.8765625 0.6296875000000002 0.8765625 0.6296875000000002 0.9390625 0.6734375000000001 0.9390625
0 0.7562500000000002 0.8859375 0.7000000000000002 0.8859375 0.7000000000000002 0.9515625 0.7562500000000002 0.9515625
0 0.7875000000000002 0.9546875 0.7187500000000002 0.9546875 0.7187500000000002 1 0.7875000000000002 1
0 0.7187500000000002 0.959375 0.6734375000000001 0.959375 0.6734375000000001 1 0.7187500000000002 1
0 0.7500000000000002 0.8171875 0.7015625000000002 0.8171875 0.7015625000000002 0.8953125 0.7500000000000002 0.8953125
0 0.7656250000000002 0.7937500000000001 0.7218750000000002 0.79375 0.7218750000000002 0.8796875 0.7656250000000002 0.8796875
0 0.8 0.7875000000000002 0.7625000000000002 0.7875000000000002 0.7625000000000002 0.8828125 0.8 0.8828125
0 0.8140625 0.8921875 0.7687500000000002 0.8921875 0.7687500000000002 0.9328125 0.8140625 0.9328125
0 0.915625 0.81875 0.8640625 0.81875 0.8640625 0.88125 0.915625 0.88125
0 0.91875 0.88125 0.85625 0.88125 0.85625 0.9328125 0.91875 0.9328125
0 0.865625 0.93125 0.7953125000000002 0.93125 0.7953125000000002 0.9953125 0.865625 0.9953125
0 0.8328125 0.7953125000000002 0.8 0.7953125000000002 0.8 0.8390625 0.8328125 0.8390625
0 0.8390625 0.840625 0.803125 0.840625 0.803125 0.8921875 0.8390625 0.8921875
0 0.8640625 0.8390625 0.8234375 0.8390625 0.8234375 0.8953125 0.8640625 0.8953125
0 0.7296875 0.6828125 0.6671875 0.6828125 0.6671875 0.7468750000000001 0.7296875000000002 0.7468750000000002
0 0.7328125000000002 0.7328125000000001 0.6546875000000002 0.7328125 0.6546875000000002 0.8015625 0.7328125000000002 0.8015625
0 0.7781250000000001 0.7156250000000001 0.725 0.715625 0.7250000000000001 0.7828125000000001 0.7781250000000002 0.7828125000000001
0 0.6984375 0.628125 0.625 0.628125 0.625 0.7125 0.6984375 0.7125
0 0.6234375000000001 0.69375 0.5671875 0.69375 0.5671875000000001 0.7609375 0.6234375000000002 0.7609375
0 0.5453125 0.6375 0.5015625 0.6375 0.5015625 0.6890625 0.5453125 0.6890625
0 0.503125 0.6546875 0.465625 0.6546875 0.465625 0.6875 0.503125 0.6875
0 0.4875 0.5625 0.4453125 0.5625 0.4453125 0.64375 0.4875 0.64375
0 0.5265625 0.5625 0.4859375 0.5625 0.4859375 0.6359375 0.5265625 0.6359375
0 0.553125 0.5796875 0.515625 0.5796875 0.515625 0.6453125 0.553125 0.6453125
0 0.6 0.565625 0.5546875 0.565625 0.5546875 0.628125 0.6 0.628125
0 0.6359375 0.590625 0.5890625 0.590625 0.5890625 0.6640625 0.6359375 0.6640625
0 0.584375 0.64375 0.5375 0.64375 0.5375 0.7109375 0.584375 0.7109375
0 0.7703125 0.6578125000000001 0.7203125 0.6578125 0.7203125 0.7250000000000001 0.7703125 0.7250000000000002
0 0.8703125 0.6906250000000002 0.8140625 0.6906250000000002 0.8140625 0.7671875000000001 0.8703125 0.7671875000000001
0 0.8328125 0.6921875000000002 0.771875 0.6921875000000002 0.7718750000000001 0.7437500000000001 0.8328125 0.7437500000000001
1 0.834375 0.6515625000000002 0.784375 0.6515625000000002 0.784375 0.6921875000000002 0.834375 0.6921875000000002
0 0.8140625 0.7453125000000002 0.7812500000000002 0.7453125000000002 0.7812500000000002 0.7828125000000001 0.8140625 0.7828125000000001
0 0.8796875 0.7453125000000002 0.83125 0.7453125000000002 0.83125 0.846875 0.8796875 0.846875
1 0.8921875 0.7000000000000002 0.871875 0.7000000000000002 0.871875 0.7703125000000002 0.8921875 0.7703125000000002
0 0.8421875 0.7468750000000002 0.80625 0.7468750000000002 0.80625 0.8078125 0.8421875 0.8078125
0 0.9015625 0.7656250000000002 0.865625 0.7656250000000002 0.865625 0.8140625 0.9015625 0.8140625
0 0.94375 0.7687500000000002 0.9078125 0.7687500000000002 0.9078125 0.8203125 0.94375 0.8203125
0 0.925 0.7203125000000001 0.896875 0.7203125000000001 0.896875 0.7828125000000001 0.925 0.7828125000000001
0 1 0.7015625000000002 0.9515625 0.7015625000000002 0.9515625 0.7703125000000002 1 0.7703125000000002
0 0.9875 0.7765625000000002 0.9359375 0.7765625000000002 0.9359375 0.865625 0.9875 0.865625
1 0.875 0.6359375000000002 0.85 0.6359375000000002 0.85 0.6843750000000002 0.875 0.6843750000000002
1 0.903125 0.6375000000000002 0.871875 0.6375000000000002 0.871875 0.7000000000000002 0.903125 0.7000000000000002
1 0.9390625 0.6343750000000001 0.896875 0.6343750000000001 0.896875 0.7125000000000001 0.9390625 0.7125000000000001
0 0.8640625 0.5687500000000002 0.7984375 0.5687500000000002 0.7984375 0.6484375000000002 0.8640625 0.6484375000000002
0 0.7453125 0.6203125 0.6953125 0.6203125 0.6953125 0.675 0.7453125 0.6750000000000002
0 0.7625 0.58125 0.7046875 0.58125 0.7046875 0.6406250000000001 0.7625 0.6406250000000002
0 0.696875 0.5890625 0.640625 0.5890625 0.640625 0.6375 0.696875 0.6375
0 0.6515625 0.5421875 0.603125 0.5421875 0.603125 0.6 0.6515625 0.6
0 0.5953125 0.50625 0.5328125 0.50625 0.5328125 0.571875 0.5953125 0.571875
1 0.515625 0.48125 0.4828125 0.48125 0.4828125 0.565625 0.515625 0.565625
0 0.553125 0.5 0.5125 0.5 0.5125 0.565625 0.553125 0.565625
0 0.465625 0.4234375 0.4359375 0.4234375 0.4359375 0.465625 0.465625 0.465625
1 0.496875 0.44375 0.45625 0.44375 0.45625 0.521875 0.496875 0.521875
0 0.7328125 0.5437500000000001 0.659375 0.54375 0.659375 0.6062500000000001 0.7328125 0.6062500000000002
0 0.690625 0.515625 0.6484375 0.515625 0.6484375 0.571875 0.690625 0.571875
0 0.7359375 0.4828125000000001 0.69375 0.4828125 0.69375 0.5484375000000001 0.7359375 0.5484375000000001
0 0.75 0.5359375000000001 0.7140625 0.5359375 0.7140625 0.5828125000000001 0.75 0.5828125000000002
0 0.88125 0.5140625000000002 0.8078125 0.5140625000000002 0.8078125 0.5765625000000002 0.88125 0.5765625000000002
0 0.8109375 0.5781250000000002 0.775 0.5781250000000002 0.775 0.6390625000000002 0.8109375 0.6390625000000002
0 0.9015625 0.5609375000000002 0.8671875 0.5609375000000002 0.8671875 0.6375000000000002 0.9015625 0.6375000000000002
0 0.9828125 0.5656250000000002 0.9484375 0.5656250000000002 0.9484375 0.6250000000000002 0.9828125 0.6250000000000002
0 0.9421875 0.6000000000000002 0.90625 0.6000000000000002 0.90625 0.6625000000000002 0.9421875 0.6625000000000002
0 0.978125 0.6218750000000002 0.9359375 0.6218750000000002 0.9359375 0.6703125000000002 0.978125 0.6703125000000002
0 1 0.5625000000000002 0.9796875 0.5625000000000002 0.9796875 0.6171875000000002 1 0.6171875000000002
0 1 0.6171875000000002 0.9828125 0.6171875000000002 0.9828125 0.6875000000000002 1 0.6875000000000002
0 0.7421875 0.4484375000000001 0.690625 0.4484375 0.690625 0.4906250000000001 0.7421875 0.4906250000000002
2 0.75 0.4062500000000001 0.709375 0.40625 0.709375 0.4609375000000001 0.75 0.46093750000000017
0 0.7375 0.3671875000000001 0.6984375 0.3671875000000001 0.6984375 0.4250000000000001 0.7375 0.42500000000000016
0 0.5671875 0.3734375000000001 0.5078125 0.3734375000000001 0.5078125 0.434375 0.5671875 0.434375
0 0.51875 0.3765625000000001 0.465625 0.3765625000000001 0.465625 0.4390625 0.51875 0.4390625
0 0.54375 0.4390625 0.509375 0.4390625 0.509375 0.4765625 0.54375 0.4765625
0 0.5828125 0.4484375 0.5515625 0.4484375 0.5515625 0.50625 0.5828125 0.50625
0 0.6125 0.4765625 0.5703125 0.4765625 0.5703125 0.5296875 0.6125 0.5296875
0 0.69375 0.4859375 0.653125 0.4859375 0.653125 0.5265625 0.69375 0.5265625
0 0.6640625 0.490625 0.615625 0.490625 0.615625 0.5328125 0.6640625 0.5328125
0 0.6171875 0.3296875000000001 0.553125 0.3296875000000001 0.553125 0.4109375 0.6171875 0.4109375
0 0.6015625 0.41875 0.575 0.41875 0.575 0.471875 0.6015625 0.471875
0 0.5140625 0.3078125000000001 0.46875 0.3078125000000001 0.46875 0.3687500000000001 0.5140625 0.3687500000000001
1 0.5140625 0.2750000000000001 0.45625 0.2750000000000001 0.45625 0.3125000000000001 0.5140625 0.3125000000000001
0 0.46875 0.3312500000000001 0.4125 0.3312500000000001 0.4125 0.3703125000000001 0.46875 0.3703125000000001
0 0.5828125 0.2828125000000001 0.534375 0.2828125000000001 0.534375 0.3546875000000001 0.5828125 0.3546875000000001
0 0.5265625 0.3343750000000001 0.490625 0.3343750000000001 0.490625 0.37968750000000007 0.5265625 0.37968750000000007
0 0.553125 0.3343750000000001 0.515625 0.3343750000000001 0.515625 0.3812500000000001 0.553125 0.3812500000000001
0 0.540625 0.18437500000000004 0.4875 0.18437500000000004 0.4875 0.2515625000000001 0.540625 0.2515625000000001
0 0.515625 0.13437500000000005 0.471875 0.13437500000000005 0.471875 0.19218750000000004 0.515625 0.19218750000000004
2 0.4953125 0.21875000000000008 0.4546875 0.21875000000000008 0.4546875 0.26250000000000007 0.4953125 0.26250000000000007
0 0.4984375 0.2000000000000001 0.4625 0.2000000000000001 0.4625 0.2312500000000001 0.4984375 0.2312500000000001
0 0.521875 0.2531250000000001 0.46875 0.2531250000000001 0.46875 0.2828125000000001 0.521875 0.2828125000000001
0 0.5609375 0.2500000000000001 0.515625 0.2500000000000001 0.515625 0.2765625000000001 0.5609375 0.2765625000000001
0 0.80625 0.5390625000000002 0.753125 0.5390625000000002 0.753125 0.5906250000000002 0.80625 0.5906250000000002
0 0.7859375 0.4984375000000002 0.7484375 0.4984375000000002 0.7484375 0.5546875000000002 0.7859375 0.5546875000000002
0 0.8203125 0.49218750000000017 0.7765625 0.49218750000000017 0.7765625 0.5531250000000002 0.8203125 0.5531250000000002
0 0.9375 0.5171875000000001 0.890625 0.5171875000000001 0.890625 0.5625000000000002 0.9375 0.5625000000000002
0 0.9546875 0.5093750000000001 0.9296875 0.5093750000000001 0.9296875 0.5484375000000001 0.9546875 0.5484375000000001
0 0.9953125 0.5000000000000002 0.95 0.5000000000000002 0.95 0.5781250000000002 0.9953125 0.5781250000000002
0 0.98125 0.4781250000000002 0.9375 0.4781250000000002 0.9375 0.5203125000000002 0.98125 0.5203125000000002
0 0.9296875 0.4593750000000002 0.8859375 0.4593750000000002 0.8859375 0.5000000000000002 0.9296875 0.5000000000000002
0 0.9125 0.4234375000000002 0.8875 0.4234375000000002 0.8875 0.4703125000000002 0.9125 0.4703125000000002
0 0.88125 0.3828125000000001 0.8296875 0.3828125000000001 0.8296875 0.4750000000000002 0.88125 0.4750000000000002
0 0.8875 0.4828125000000002 0.834375 0.4828125000000002 0.834375 0.5828125000000002 0.8875 0.5828125000000002
0 0.771875 0.3937500000000001 0.740625 0.3937500000000001 0.740625 0.4515625000000002 0.771875 0.4515625000000002
0 0.8171875 0.3968750000000001 0.7640625 0.3968750000000001 0.7640625 0.44062500000000016 0.8171875 0.44062500000000016
0 0.7796875 0.44843750000000016 0.7390625 0.44843750000000016 0.7390625 0.4968750000000002 0.7796875 0.4968750000000002
0 0.821875 0.45625000000000016 0.78125 0.45625000000000016 0.78125 0.5015625000000001 0.821875 0.5015625000000001
0 0.8359375 0.42187500000000017 0.8 0.42187500000000017 0.8 0.46406250000000016 0.8359375 0.46406250000000016
0 0.8046875 0.3375000000000001 0.7703125 0.3375000000000001 0.7703125 0.3984375000000001 0.8046875 0.3984375000000001
0 0.8375 0.2968750000000001 0.7953125 0.2968750000000001 0.7953125 0.3593750000000001 0.8375 0.3593750000000001
0 0.7734375 0.3437500000000001 0.7171875 0.3437500000000001 0.7171875 0.3828125000000001 0.7734375 0.3828125000000001
0 0.7890625 0.2953125000000001 0.7359375 0.2953125000000001 0.7359375 0.3578125000000001 0.7890625 0.3578125000000001
0 0.7453125 0.26250000000000007 0.6828125 0.26250000000000007 0.6828125 0.3343750000000001 0.7453125 0.3343750000000001
0 0.7 0.27812500000000007 0.6484375 0.27812500000000007 0.6484375 0.3453125000000001 0.7 0.3453125000000001
0 0.6734375 0.2250000000000001 0.6328125 0.2250000000000001 0.6328125 0.2765625000000001 0.6734375 0.2765625000000001
0 0.7 0.2390625000000001 0.6546875 0.2390625000000001 0.6546875 0.27812500000000007 0.7 0.27812500000000007
0 0.871875 0.3312500000000001 0.840625 0.3312500000000001 0.840625 0.3812500000000001 0.871875 0.3812500000000001
0 0.915625 0.2984375000000001 0.8796875 0.2984375000000001 0.8796875 0.3703125000000001 0.915625 0.3703125000000001
0 0.896875 0.3687500000000001 0.86875 0.3687500000000001 0.86875 0.4000000000000002 0.896875 0.4000000000000002
0 0.925 0.3859375000000001 0.890625 0.3859375000000001 0.890625 0.4281250000000002 0.925 0.4281250000000002
0 0.953125 0.3625000000000001 0.915625 0.3625000000000001 0.915625 0.4125000000000002 0.953125 0.4125000000000002
0 0.940625 0.3296875000000001 0.9125 0.3296875000000001 0.9125 0.3734375000000001 0.940625 0.3734375000000001
1 0.8703125 0.11875000000000009 0.809375 0.11875000000000009 0.809375 0.1703125000000001 0.8703125 0.1703125000000001
1 0.871875 0.24375000000000008 0.803125 0.24375000000000008 0.803125 0.2687500000000001 0.871875 0.2687500000000001
0 0.8140625 0.2531250000000001 0.7671875 0.2531250000000001 0.7671875 0.30156250000000007 0.8140625 0.30156250000000007
0 0.7578125 0.2296875000000001 0.725 0.2296875000000001 0.725 0.2796875000000001 0.7578125 0.2796875000000001
0 0.7453125 0.20312500000000008 0.6921875 0.20312500000000008 0.6921875 0.2609375000000001 0.7453125 0.2609375000000001
0 0.696875 0.16562500000000008 0.65 0.16562500000000008 0.65 0.23437500000000008 0.696875 0.23437500000000008
0 0.7140625 0.1140625000000001 0.6640625 0.1140625000000001 0.6640625 0.1828125000000001 0.7140625 0.1828125000000001
0 0.66875 0.11875000000000009 0.6015625 0.11875000000000009 0.6015625 0.1765625000000001 0.66875 0.1765625000000001
0 0.675 0.07343750000000007 0.6125 0.07343750000000007 0.6125 0.12656250000000008 0.675 0.12656250000000008
0 0.6828125 0.01718750000000008 0.6125 0.017187500000000078 0.6125 0.08593750000000008 0.6828125 0.08593750000000008
0 0.6140625 0.02968750000000007 0.5734375 0.029687500000000068 0.5734375 0.07343750000000007 0.6140625 0.07343750000000007
0 0.7078125 8.448149403493069e-17 0.671875 8.22809568177128e-17 0.671875 0.06093750000000009 0.7078125 0.06093750000000009
0 0.7734375 9.070040356185083e-17 0.7078125 8.668203125214859e-17 0.7078125 0.06093750000000009 0.7734375 0.06093750000000009
0 0.875 1.0390362686515826e-16 0.821875 1.0065065880492308e-16 0.821875 0.03593750000000011 0.875 0.03593750000000011
0 0.903125 0.012500000000000108 0.8484375 0.012500000000000105 0.8484375 0.06250000000000011 0.903125 0.06250000000000011
0 0.7953125 0.05312500000000009 0.75 0.05312500000000009 0.75 0.1218750000000001 0.7953125 0.1218750000000001
0 0.753125 0.06875000000000009 0.6875 0.06875000000000009 0.6875 0.1359375000000001 0.753125 0.1359375000000001
0 0.8015625 0.11718750000000008 0.728125 0.11718750000000008 0.728125 0.1609375000000001 0.8015625 0.1609375000000001
0 0.78125 0.1937500000000001 0.7390625 0.1937500000000001 0.7390625 0.2500000000000001 0.78125 0.2500000000000001
0 0.7796875 0.1593750000000001 0.7390625 0.1593750000000001 0.7390625 0.2000000000000001 0.7796875 0.2000000000000001
0 0.7421875 0.1468750000000001 0.7046875 0.1468750000000001 0.7046875 0.18906250000000008 0.7421875 0.18906250000000008
0 0.8921875 0.1859375000000001 0.771875 0.1859375000000001 0.771875 0.2578125000000001 0.8921875 0.2578125000000001
0 0.8390625 0.0343750000000001 0.7828125 0.0343750000000001 0.7828125 0.0984375000000001 0.8390625 0.09843750000000011
1 0.8578125 0.0875000000000001 0.80625 0.08750000000000009 0.80625 0.1296875000000001 0.8578125 0.1296875000000001
0 0.8765625 0.06875000000000012 0.828125 0.06875000000000012 0.828125 0.12500000000000008 0.8765625 0.12500000000000008