2 0.33050935550935556 0.09170997920997925 0.0005100051975052096 0.08106483887733888 -0.006029106029106017 0.28377728690228693 0.32397024428274435 0.2944224272349273
2 0.7437817258883249 0.11049333756345181 0.3282677664974619 0.08081376903553304 0.31193686548223354 0.309446383248731 0.7274508248730964 0.3391259517766498
2 1.0166349085365856 0.15028582317073186 0.7942073170731707 0.1255716463414635 0.7774961890243903 0.2759717987804879 0.999923780487805 0.30068597560975624
2 0.8130733944954127 0.32795298165137626 0.7805189220183486 0.21943807339449545 0.43476204128440366 0.3231651376146788 0.46731651376146777 0.4316800458715596
2 0.31107954531250004 0.2732954546875 3.490417334820754e-17 0.2732954546875 4.715064133968107e-17 0.4732954546875 0.31107954531250004 0.4732954546875
2 0.440625 0.31718750000000007 0.28906250000000006 0.3171875 0.2890625000000001 0.6203125 0.440625 0.6203125
2 0.2578125000000001 0.4765625 6.754692501547121e-17 0.4765625 7.969771747576135e-17 0.675 0.2578125000000001 0.675
2 0.2078125000000001 0.7140625 8.744743550161569e-17 0.7140625 1.0371227580279148e-16 0.9796875 0.2078125000000001 0.9796875
2 0.7344288249211359 0.6974889589905364 0.2832509858044165 0.57682511829653 0.22979140378548912 0.7767174684542588 0.6809692429022085 0.8973813091482651
2 0.6224854710440458 0.7598835134584014 0.21286449836867877 0.748180057096248 0.20607029975530194 0.985977008564437 0.615691272430669 0.9976804649265905
2 0.8680225331463539 0.7602283592554819 0.7882553544110148 0.5922974566547679 0.6295353136155022 0.6676894760326364 0.7093024923508414 0.8356203786333504
2 0.9489816982992358 0.9081737583189552 0.8853694232191274 0.7517935820803551 0.6083070156519595 0.8644969343110673 0.671919290732068 1.0208771105496675
2 1 0.5234375000000002 0.759375 0.5234375000000002 0.7593750000000001 0.9046875 1 0.9046875
0 1 0.903125 0.9984375 0.7296875 0.8960809426229508 0.730609631147541 0.8976434426229508 0.9040471311475409
2 0.9258012180511181 0.5778429512779553 0.9185902555910543 0.39756888977635774 0.554173322683706 0.4121455670926516 0.5613842851437699 0.5924196285942491