2 0.8247205498484339 0.1884225538901989 0.7437363169417311 0.1008720318288987 0.6142524840013472 0.22064457729875384 0.69523671690805 0.30819509936005407
2 0.6711044520547945 0.11767979452054803 0.5543236301369863 0.07388698630136989 0.4949272260273972 0.232277397260274 0.6117080479452055 0.2760702054794521
2 0.5380161516853932 0.22754915730337086 0.4587219101123596 0.0977949438202248 0.337689606741573 0.1717591292134832 0.41698384831460666 0.3015133426966293
2 0.4174366274797944 0.28766072740631893 0.287570031227039 0.20387582659808964 0.22523075863335787 0.3005016991182954 0.3550973548861132 0.3842865999265247
2 0.3610336389061529 0.38621814791796155 0.23284843070229963 0.37660425730267255 0.21871892479801125 0.5649976693598509 0.34690413300186457 0.5746115599751399
2 0.4501838235294118 0.6102022058823529 0.38304227941176466 0.4982996323529411 0.22518382352941177 0.5930147058823529 0.29232536764705885 0.7049172794117646
2 0.5527744932432432 0.6636782094594595 0.42864864864864866 0.644079391891892 0.4039189189189189 0.8007010135135136 0.5280447635135136 0.8202998310810813
2 0.6718750000000001 0.653125 0.5531250000000001 0.653125 0.5531250000000002 0.840625 0.6718750000000002 0.840625
2 0.8313949377828056 0.8061686934389141 0.8221966911764709 0.6130055147058825 0.7140342194570136 0.6181561085972852 0.7232324660633485 0.8113192873303168
2 0.9788912671232877 0.5066267123287671 0.9745526541095891 0.3894841609589041 0.774884417808219 0.3968792808219178 0.7792230308219177 0.5140218321917809
2 0.9402820121951221 0.2468368902439026 0.7626143292682928 0.22709603658536598 0.7494664634146342 0.34542682926829277 0.9271341463414636 0.36516768292682944
0 0.9455896145975444 0.6693660470668485 0.934824778308322 0.5240407571623465 0.7552545190995906 0.5373422578444748 0.766019355388813 0.6826675477489769