2 0.871875 0.2984375000000001 0.76875 0.2984375000000001 0.76875 0.3812500000000001 0.871875 0.3812500000000001
2 0.7984375 0.1859375000000001 0.6890625 0.1859375000000001 0.6890625 0.3515625000000001 0.7984375 0.3515625000000001
2 0.3984375000000001 0.625 0.3078125000000001 0.625 0.3078125000000001 0.728125 0.3984375000000001 0.728125
2 0.1437500000000001 0.71875 0.03750000000000009 0.71875 0.0375000000000001 0.9625 0.14375000000000013 0.9625
2 0.25625 0.09375000000000003 0.153125 0.09375000000000003 0.153125 0.2515625 0.25625 0.2515625
2 0.5328125 0.15468750000000003 0.4546875 0.15468750000000003 0.4546875 0.3656250000000001 0.5328125 0.3656250000000001
2 0.64375 0.08125000000000007 0.515625 0.08125000000000007 0.515625 0.2875000000000001 0.64375 0.2875000000000001
2 0.7125 0.017187500000000085 0.6234375 0.017187500000000078 0.6234375 0.16406250000000008 0.7125 0.16406250000000008
2 0.696875 0.3062500000000001 0.6328125 0.3062500000000001 0.6328125 0.4390625 0.696875 0.4390625
2 0.865625 0.3812500000000001 0.7921875 0.3812500000000001 0.7921875 0.5234375000000002 0.865625 0.5234375000000002
0 0.7750000000000001 0.596875 0.5625 0.596875 0.5625000000000001 0.8453125 0.7750000000000001 0.8453125
0 0.4125 0.23906250000000004 0.15937500000000004 0.2390625 0.15937500000000007 0.6171875 0.4125 0.6171875
0 0.16562500000000005 0.1875 0.06875000000000002 0.1875 0.06875000000000003 0.34375 0.16562500000000005 0.34375
0 0.1796875 1.5403760520525304e-17 0.071875 8.802148868871602e-18 0.071875 0.08125000000000002 0.1796875 0.08125000000000002
0 0.3015625 2.6789148731348354e-17 0.1359375 1.6647542425909335e-17 0.1359375 0.12343750000000002 0.3015625 0.12343750000000005
0 0.1421875 8.706473337688215e-18 0 0 7.654042494670958e-18 0.125 0.1421875 0.125
0 0.07812500000000008 0.4609375 5.644856339819831e-17 0.4609375 6.754692501547121e-17 0.6421875 0.07812500000000008 0.6421875
0 0.18906250000000008 0.49375 0.10468750000000004 0.49375 0.10468750000000007 0.6046875 0.18906250000000008 0.6046875
0 0.2015625000000001 0.4265625 0.10625000000000004 0.4265625 0.10625000000000004 0.5265625 0.2015625000000001 0.5265625
2 0.44531250000000017 0.728125 0.2843750000000001 0.728125 0.2843750000000001 0.89375 0.44531250000000017 0.89375
0 0.5578125 0.7203125 0.446875 0.7203125 0.4468750000000001 0.8984375 0.5578125000000002 0.8984375
0 0.4546875 0.34062500000000007 0.3578125 0.340625 0.35781250000000003 0.5171875 0.4546875 0.5171875
0 0.5328125 0.4109375 0.3984375000000001 0.4109375 0.3984375000000001 0.7109375 0.5328125 0.7109375
0 0.5812500000000002 0.8890625 0.40937500000000016 0.8890625 0.40937500000000016 1 0.5812500000000002 1
0 0.946875 0.7375000000000002 0.8796875 0.7375000000000002 0.8796875 0.8328125 0.946875 0.8328125
0 0.9796875 0.6968750000000001 0.91875 0.6968750000000001 0.91875 0.7578125000000002 0.9796875 0.7578125000000002
0 0.9765625 0.5687500000000002 0.83125 0.5687500000000002 0.83125 0.7203125000000001 0.9765625 0.7203125000000001
0 0.9078125 0.6859375000000002 0.825 0.6859375000000002 0.825 0.7750000000000001 0.9078125 0.7750000000000001
0 1 0.8703125 0.890625 0.8703125 0.890625 1 1 1
0 0.8734375 0.16562500000000008 0.7765625 0.16562500000000008 0.7765625 0.2765625000000001 0.8734375 0.2765625000000001
0 0.8265625 0.010937500000000093 0.7125 0.010937500000000086 0.7125 0.1515625000000001 0.8265625 0.1515625000000001
0 0.7328125000000002 0.8671875 0.6187500000000001 0.8671875 0.6187500000000001 1 0.7328125000000002 1
0 0.3812500000000001 0.884375 0.2687500000000001 0.884375 0.2687500000000001 0.9859375 0.3812500000000001 0.9859375
0 0.9578125 1.0973983426734483e-16 0.834375 1.0218146730385728e-16 0.834375 0.08125000000000011 0.9578125 0.08125000000000011