2 0.50625 0.3296875 0.3375 0.3296875 0.3375 0.5265625 0.50625 0.5265625
2 0.24062500000000003 0.25625 0.09687500000000002 0.25625 0.09687500000000003 0.384375 0.2406250000000001 0.384375
2 0.821875 0.4312500000000001 0.68125 0.43125 0.68125 0.6359375 0.821875 0.6359375000000002
2 1 0.5171875000000001 0.9453125 0.5171875000000001 0.9453125 0.5890625000000002 1 0.5890625000000002
2 0.4500000000000002 0.796875 0.3734375000000001 0.796875 0.3734375000000001 0.925 0.4500000000000002 0.925
2 0.23125 2.0665914735611586e-17 0.10625 1.3011872240940627e-17 0.10625 0.09687500000000002 0.23125 0.09687500000000002
2 0.571875 0.02500000000000006 0.4453125 0.025000000000000057 0.4453125 0.2171875000000001 0.571875 0.2171875000000001
2 0.06250000000000001 0.065625 8.036744619404505e-18 0.065625 1.2533494585023693e-17 0.1390625 0.06250000000000003 0.1390625
2 0.06250000000000003 0.1375 0.018750000000000017 0.1375 0.01875000000000002 0.1921875 0.06250000000000003 0.1921875
2 0.121875 0.06250000000000001 0.0515625 0.0625 0.05156250000000001 0.159375 0.121875 0.159375
2 0.021875000000000002 1.3394574365674177e-18 0 0 2.774590404318222e-18 0.0453125 0.021875000000000006 0.0453125
0 0.15000000000000008 0.4578125 0.04218750000000006 0.4578125 0.042187500000000065 0.63125 0.15000000000000008 0.63125
0 0.3031250000000001 0.50625 0.12031250000000004 0.50625 0.12031250000000007 0.6828125 0.3031250000000001 0.6828125
0 0.1312500000000001 0.6328125 0.06875000000000006 0.6328125 0.06875000000000007 0.80625 0.1312500000000001 0.80625
0 0.3000000000000001 0.6984375 0.2000000000000001 0.6984375 0.2000000000000001 0.815625 0.3000000000000001 0.815625
0 0.31718750000000007 0.5875 0.22656250000000008 0.5875 0.22656250000000008 0.709375 0.31718750000000007 0.709375
0 0.3265625000000001 0.4296875 0.2296875000000001 0.4296875 0.2296875000000001 0.5640625 0.3265625000000001 0.5640625
0 0.32500000000000007 0.271875 0.2546875 0.271875 0.25468750000000007 0.41875 0.32500000000000007 0.41875
0 0.265625 0.17968750000000006 0.184375 0.17968750000000006 0.184375 0.2984375 0.265625 0.2984375
0 0.15781250000000005 0.1828125 0.06875000000000002 0.1828125 0.06875000000000002 0.2640625 0.15781250000000005 0.2640625
0 0.3515625000000001 0.7625 0.23437500000000008 0.7625 0.23437500000000008 0.8953125 0.3515625000000001 0.8953125
0 0.4812500000000002 0.7765625 0.43281250000000016 0.7765625 0.43281250000000016 0.89375 0.4812500000000002 0.89375
0 0.4437500000000001 0.690625 0.4 0.690625 0.4000000000000001 0.7953125 0.4437500000000002 0.7953125
0 0.5296875000000002 0.79375 0.4781250000000002 0.79375 0.4781250000000002 0.8953125 0.5296875000000002 0.8953125
0 0.5390625000000002 0.7453125 0.47968750000000016 0.7453125 0.47968750000000016 0.809375 0.5390625000000002 0.809375
0 0.5828125000000002 0.7734375 0.5187500000000002 0.7734375 0.5187500000000002 0.865625 0.5828125000000002 0.865625
2 0.19218750000000012 0.8 0.0984375000000001 0.8 0.0984375000000001 0.915625 0.19218750000000012 0.915625
0 0.2875000000000001 0.909375 0.14375000000000013 0.909375 0.14375000000000013 1 0.2875000000000001 1
0 0.14687500000000012 0.8859375 0.009375000000000109 0.8859375 0.009375000000000116 0.9953125 0.14687500000000014 0.9953125
0 0.865625 9.577120671457036e-17 0.6984375 8.553392487794795e-17 0.6984375 0.11250000000000009 0.865625 0.11250000000000009
0 0.7703125 0.05781250000000008 0.58125 0.057812500000000065 0.58125 0.2734375000000001 0.7703125 0.2734375000000001
0 1 0.6734375000000001 0.9359375 0.6734375000000001 0.9359375 0.7937500000000002 1 0.7937500000000002
2 0.9765625 0.18593750000000012 0.8921875 0.1859375000000001 0.8921875 0.30937500000000007 0.9765625 0.30937500000000007
0 1 0.32500000000000007 0.9265625 0.32500000000000007 0.9265625 0.47656250000000017 1 0.47656250000000017
0 0.5953125 0.36406250000000007 0.4625 0.36406250000000007 0.4625 0.50625 0.5953125 0.50625
0 0.5906250000000001 0.6453125 0.49375 0.6453125 0.4937500000000001 0.7578125 0.5906250000000002 0.7578125
0 0.8265625 0.596875 0.6921875 0.596875 0.6921875000000001 0.7734375000000001 0.8265625 0.7734375000000002
1 0.6062500000000002 0.890625 0.4859375000000002 0.890625 0.4859375000000002 1 0.6062500000000002 1