0 0.5859375 0.10468750000000007 0.415625 0.10468750000000004 0.415625 0.3203125000000001 0.5859375 0.3203125000000001
0 0.4296875 4.286263797015736e-17 0.2703125 3.3103733789451887e-17 0.2703125 0.14062500000000006 0.4296875 0.14062500000000006
0 0.31875 2.7745904043182222e-17 0.134375 1.6456191363542558e-17 0.134375 0.09062500000000004 0.31875 0.09062500000000004
0 0.24375 0.031250000000000014 0.04375 0.03125 0.04375000000000002 0.3078125 0.24375 0.3078125
2 0.29375 0.11093750000000005 0.228125 0.11093750000000005 0.228125 0.2734375 0.29375 0.2734375
1 0.65625 0.3312500000000001 0.484375 0.3312500000000001 0.484375 0.56875 0.65625 0.56875
1 0.4828125 0.30468750000000006 0.33125 0.3046875 0.33125000000000004 0.59375 0.4828125 0.59375
0 0.2531250000000001 0.721875 0.1609375000000001 0.721875 0.1609375000000001 0.8453125 0.2531250000000001 0.8453125
0 0.58125 0.5390625 0.34062500000000007 0.5390625 0.34062500000000007 0.8015625 0.5812500000000002 0.8015625
0 0.27031250000000007 0.296875 0.15312500000000004 0.296875 0.15312500000000004 0.540625 0.27031250000000007 0.540625
0 0.8828125 0.2687500000000001 0.796875 0.2687500000000001 0.796875 0.4125000000000002 0.8828125 0.4125000000000002
0 0.76875 0.06875000000000009 0.6515625 0.06875000000000009 0.6515625 0.21250000000000008 0.76875 0.21250000000000008
0 0.765625 0.19687500000000008 0.665625 0.19687500000000008 0.665625 0.3750000000000001 0.765625 0.3750000000000001
0 0.98125 0.08906250000000011 0.83125 0.08906250000000011 0.83125 0.32500000000000007 0.98125 0.32500000000000007
0 0.7265625000000001 0.7109375000000001 0.6296875 0.7109375 0.6296875000000001 0.8046875 0.7265625000000002 0.8046875
1 0.7343750000000001 0.6421875000000001 0.64375 0.6421875 0.64375 0.7281250000000001 0.7343750000000002 0.7281250000000001
0 0.7453125000000002 0.7984375000000001 0.6593750000000002 0.7984375 0.6593750000000002 0.9203125 0.7453125000000002 0.9203125
0 0.5765625000000002 0.7515625 0.4625000000000002 0.7515625 0.4625000000000002 0.9234375 0.5765625000000002 0.9234375
0 0.6187500000000001 0.8921875 0.5109375000000002 0.8921875 0.5109375000000002 1 0.6187500000000001 1
0 0.4046875000000002 0.85625 0.3187500000000001 0.85625 0.3187500000000001 0.9578125 0.4046875000000002 0.9578125
0 0.3218750000000001 0.8328125 0.2484375000000001 0.8328125 0.2484375000000001 0.8984375 0.3218750000000001 0.8984375
0 0.13437500000000008 0.1859375 2.27707764216461e-17 0.1859375 5.2717217682046225e-17 0.675 0.13437500000000008 0.675
0 0.5875 6.190206867565137e-17 0.4234375 5.1856137901395736e-17 0.4234375 0.08437500000000006 0.5875 0.08437500000000006
0 0.3109375000000001 0.6203125 0.2078125000000001 0.6203125 0.2078125000000001 0.7296875 0.3109375000000001 0.7296875
2 0.11250000000000009 0.690625 8.457716956611408e-17 0.690625 9.634525990167068e-17 0.8828125 0.11250000000000009 0.8828125