0 0.5953125 0.403125 0.45625 0.403125 0.45625 0.5875 0.5953125 0.5875
0 0.471875 0.2593750000000001 0.384375 0.2593750000000001 0.384375 0.4015625 0.471875 0.4015625
0 0.7390625 0.14843750000000008 0.60625 0.14843750000000008 0.60625 0.3156250000000001 0.7390625 0.3156250000000001
0 0.6171875 0.13125000000000006 0.4953125 0.13125000000000003 0.4953125 0.3625000000000001 0.6171875 0.3625000000000001
0 0.528125 0.10625000000000004 0.3953125 0.10625000000000004 0.3953125 0.2468750000000001 0.528125 0.2468750000000001
0 0.16562500000000005 0.3390625 0.006250000000000042 0.3390625 0.0062500000000000515 0.4875 0.16562500000000005 0.4875
0 0.21875000000000008 0.54375 0.12656250000000005 0.54375 0.12656250000000008 0.653125 0.21875000000000008 0.653125
0 0.11875000000000009 0.6046875 0.06875000000000006 0.6046875 0.06875000000000007 0.703125 0.11875000000000009 0.703125
0 0.2406250000000001 0.6359375 0.10937500000000008 0.6359375 0.10937500000000008 0.7234375 0.2406250000000001 0.7234375
0 0.2718750000000001 0.4484375 0.15468750000000003 0.4484375 0.15468750000000006 0.6125 0.2718750000000001 0.6125
0 0.290625 0.290625 0.17968750000000006 0.290625 0.17968750000000006 0.440625 0.2906250000000001 0.440625
0 0.07187500000000006 0.5046875 0.0015625000000000617 0.5046875 0.001562500000000066 0.571875 0.07187500000000006 0.571875
0 0.05000000000000008 0.584375 7.156529732517345e-17 0.584375 8.122852597469553e-17 0.7421875 0.050000000000000086 0.7421875
0 0.2609375000000001 0.696875 0.1781250000000001 0.696875 0.1781250000000001 0.825 0.2609375000000001 0.825
0 0.3703125000000001 0.7734375 0.27812500000000007 0.7734375 0.27812500000000007 0.8765625 0.3703125000000001 0.8765625
0 0.7375000000000002 0.7453125 0.6765625000000002 0.7453125 0.6765625000000002 0.903125 0.7375000000000002 0.903125
0 0.5937500000000001 0.65625 0.54375 0.65625 0.5437500000000001 0.853125 0.5937500000000002 0.853125
0 0.953125 0.5593750000000002 0.875 0.5593750000000002 0.875 0.6750000000000002 0.953125 0.6750000000000002
0 0.7625 8.275933447362974e-17 0.5890625 7.213935051227377e-17 0.5890625 0.1593750000000001 0.7625 0.1593750000000001
0 0.6375 0.006250000000000072 0.5390625 0.006250000000000066 0.5390625 0.12656250000000008 0.6375 0.12656250000000008
2 0.4796875 0.010937500000000051 0.3734375 0.010937500000000044 0.3734375 0.15312500000000004 0.4796875 0.15312500000000004
0 0.5328125 0.4875 0.3468750000000001 0.4875 0.3468750000000001 0.6640625 0.5328125 0.6640625
0 0.3375000000000001 0.5046875 0.2671875000000001 0.5046875 0.2671875000000001 0.5890625 0.3375000000000001 0.5890625
0 0.30937500000000007 0.415625 0.2515625000000001 0.415625 0.2515625000000001 0.5140625 0.30937500000000007 0.5140625
0 0.7390625 0.4609375000000001 0.596875 0.4609375 0.596875 0.5953125000000001 0.7390625 0.5953125000000001
2 0.8171875 0.8390625 0.7250000000000002 0.8390625 0.7250000000000002 1 0.8171875 1
0 0.2734375000000001 0.9328125 0.09687500000000011 0.9328125 0.09687500000000013 1 0.2734375000000001 1
0 0.17656250000000012 0.8671875 0.07031250000000011 0.8671875 0.07031250000000011 0.96875 0.17656250000000012 0.96875
0 0.375 0.056250000000000036 0.184375 0.05625000000000002 0.184375 0.31718750000000007 0.375 0.31718750000000007
0 0.3484375 3.300805825826851e-17 0.190625 2.3344829608746423e-17 0.190625 0.14062500000000006 0.3484375 0.14062500000000006
0 0.18906250000000002 1.2916196709757243e-17 0.021875 2.678914873134835e-18 0.021875000000000012 0.18593750000000003 0.18906250000000005 0.18593750000000003
0 0.0765625 0.04062500000000001 4.975127621536122e-18 0.040625 1.4542680739874818e-17 0.196875 0.07656250000000002 0.196875
0 0.7125000000000001 0.615625 0.5859375 0.615625 0.5859375000000001 0.834375 0.7125000000000001 0.834375
0 0.9125 0.7500000000000002 0.803125 0.7500000000000002 0.803125 0.8609375 0.9125 0.8609375