0 0.15468750000000006 0.3671875 4.4967499656191874e-17 0.3671875 6.008423358316701e-17 0.6140625 0.1546875000000001 0.6140625
2 0.2015625 0.16875 0.04062500000000002 0.16875 0.04062500000000003 0.2953125 0.2015625 0.2953125
2 0.11250000000000002 0.07812500000000001 9.567553118338697e-18 0.078125 1.741294667537643e-17 0.20625 0.11250000000000004 0.20625
2 0.5 0.4140625 0.31718750000000007 0.4140625 0.31718750000000007 0.6015625 0.5 0.6015625
2 0.63125 0.4109375 0.4890625 0.4109375 0.4890625 0.66875 0.63125 0.66875
2 0.8515625 0.4734375000000002 0.75 0.4734375000000002 0.75 0.6015625000000002 0.8515625 0.6015625000000002
2 0.9140625 0.28593750000000007 0.8015625 0.28593750000000007 0.8015625 0.44531250000000017 0.9140625 0.44531250000000017
2 0.7390625 0.2218750000000001 0.6421875 0.2218750000000001 0.6421875 0.3968750000000001 0.7390625 0.3968750000000001
2 0.5875 0.06875000000000006 0.3859375 0.06875000000000005 0.3859375 0.2953125000000001 0.5875 0.2953125000000001
1 0.9640625 0.5421875000000002 0.8015625 0.5421875000000002 0.8015625 0.7656250000000002 0.9640625 0.7656250000000002
0 0.5843750000000002 0.7390625 0.41718750000000016 0.7390625 0.41718750000000016 0.93125 0.5843750000000002 0.93125
0 0.7921875 0.6796875000000001 0.653125 0.6796875 0.6531250000000001 0.853125 0.7921875000000002 0.853125
0 0.8875 0.7687500000000002 0.7953125000000002 0.7687500000000002 0.7953125000000002 0.9546875 0.8875 0.9546875
0 0.34062500000000007 0.6890625 0.2375000000000001 0.6890625 0.2375000000000001 0.8359375 0.34062500000000007 0.8359375
0 0.2718750000000001 0.6515625 0.1437500000000001 0.6515625 0.1437500000000001 0.83125 0.2718750000000001 0.83125
2 0.3984375000000001 0.621875 0.3234375000000001 0.621875 0.3234375000000001 0.7046875 0.3984375000000001 0.7046875
0 0.4500000000000002 0.821875 0.2890625000000001 0.821875 0.2890625000000001 1 0.4500000000000002 1
0 0.6078125000000002 0.9125 0.4359375000000002 0.9125 0.4359375000000002 1 0.6078125000000002 1
0 0.0500000000000001 0.775 9.491012693391987e-17 0.775 1.0265984495977421e-16 0.9015625 0.050000000000000114 0.9015625
0 0.09687500000000013 0.8765625 1.0734794598776019e-16 0.8765625 1.1490631295124777e-16 1 0.09687500000000013 1
0 0.2140625000000001 0.9265625 0.07343750000000011 0.9265625 0.07343750000000013 1 0.2140625000000001 1