1 0.696875 7.85496111015607e-17 0.5859375 7.175664838754022e-17 0.5859375 0.1515625000000001 0.696875 0.1515625000000001
2 0.8125 9.146580781131793e-17 0.68125 8.342906319191344e-17 0.68125 0.10156250000000008 0.8125 0.10156250000000008
0 0.259375 0.08593750000000003 0.134375 0.08593750000000003 0.13437500000000002 0.3359375 0.259375 0.3359375
0 0.35625000000000007 0.275 0.2359375 0.275 0.23593750000000005 0.4625 0.35625000000000007 0.4625
0 0.39843750000000006 0.27187500000000003 0.3140625 0.271875 0.3140625 0.4703125 0.3984375000000001 0.4703125
2 0.3812500000000001 0.525 0.2812500000000001 0.525 0.2812500000000001 0.7078125 0.3812500000000001 0.7078125
0 0.19218750000000004 0.3453125 0.10468750000000004 0.3453125 0.10468750000000004 0.478125 0.19218750000000004 0.478125
0 0.3031250000000001 0.46875 0.2218750000000001 0.46875 0.2218750000000001 0.559375 0.3031250000000001 0.559375
0 0.6859375 0.3437500000000001 0.603125 0.3437500000000001 0.603125 0.4734375 0.6859375 0.4734375
0 0.61875 0.31718750000000007 0.5453125 0.31718750000000007 0.5453125 0.4390625 0.61875 0.4390625
2 0.7265625 0.4312500000000001 0.6515625 0.43125 0.6515625 0.5296875000000001 0.7265625 0.5296875000000002
2 0.809375 0.5765625000000002 0.740625 0.5765625000000002 0.7406250000000001 0.7671875000000001 0.809375 0.7671875000000001
2 0.78125 0.565625 0.7 0.565625 0.7 0.659375 0.78125 0.6593750000000002
0 0.6625 0.4609375 0.5671875 0.4609375 0.5671875 0.5671875 0.6625 0.5671875
0 0.565625 0.6421875 0.4734375 0.6421875 0.47343750000000007 0.80625 0.5656250000000002 0.80625
0 0.4296875000000001 0.6984375 0.3375000000000001 0.6984375 0.3375000000000001 0.8015625 0.42968750000000017 0.8015625
0 0.3531250000000001 0.8 0.26250000000000007 0.8 0.26250000000000007 0.9125 0.3531250000000001 0.9125
0 0.2562500000000001 0.7078125 0.1906250000000001 0.7078125 0.1906250000000001 0.8484375 0.2562500000000001 0.8484375
0 0.3375000000000001 0.715625 0.2531250000000001 0.715625 0.2531250000000001 0.8 0.3375000000000001 0.8
0 0.3109375000000001 0.603125 0.19687500000000008 0.603125 0.19687500000000008 0.7125 0.3109375000000001 0.7125
0 0.19218750000000007 0.54375 0.09687500000000007 0.54375 0.09687500000000007 0.690625 0.1921875000000001 0.690625
0 0.1687500000000001 0.68125 0.0984375000000001 0.68125 0.0984375000000001 0.7875 0.1687500000000001 0.7875
0 0.5015625000000001 0.940625 0.4156250000000002 0.940625 0.4156250000000002 1 0.5015625000000001 1
0 0.41718750000000016 0.940625 0.3187500000000001 0.940625 0.3187500000000001 1 0.41718750000000016 1
0 0.3109375000000001 0.925 0.2250000000000001 0.925 0.2250000000000001 1 0.3109375000000001 1
0 0.2093750000000001 0.859375 0.1593750000000001 0.859375 0.1593750000000001 0.9484375 0.2093750000000001 0.9484375
0 0.6312500000000002 0.7859375 0.5250000000000001 0.7859375 0.5250000000000001 0.928125 0.6312500000000002 0.928125
0 0.840625 0.8078125 0.7359375000000001 0.8078125 0.7359375000000001 0.94375 0.840625 0.94375
2 0.8734375 0.1296875000000001 0.8046875 0.1296875000000001 0.8046875 0.3203125000000001 0.8734375 0.3203125000000001
0 0.409375 0.16250000000000003 0.3140625 0.16250000000000003 0.3140625 0.28750000000000003 0.409375 0.2875000000000001
0 0.3421875 0.003125000000000034 0.2125 0.003125000000000026 0.2125 0.15625000000000006 0.3421875 0.15625000000000006
0 0.2109375 0.012500000000000022 0.1140625 0.012500000000000016 0.1140625 0.10625000000000002 0.2109375 0.10625000000000004
0 0.4140625 4.448912200027494e-17 0.3125 3.827021247335479e-17 0.3125 0.13125000000000003 0.4140625 0.13125000000000003
0 0.5015625 0.05156250000000005 0.425 0.051562500000000046 0.425 0.19218750000000004 0.5015625 0.19218750000000004
0 0.9640625 0.3968750000000001 0.875 0.3968750000000001 0.875 0.5187500000000002 0.9640625 0.5187500000000002
0 1 0.42500000000000016 0.928125 0.42500000000000016 0.928125 0.5359375000000002 1 0.5359375000000002
0 0.8953125 0.5031250000000002 0.734375 0.5031250000000002 0.734375 0.6312500000000002 0.8953125 0.6312500000000002
0 0.921875 0.5250000000000001 0.865625 0.5250000000000001 0.865625 0.6265625000000001 0.921875 0.6265625000000001