0 0.9578125 0.06718750000000011 0.8234375 0.06718750000000011 0.8234375 0.3125000000000001 0.9578125 0.3125000000000001
0 0.365625 3.587832419377011e-17 0.2203125 2.6980499793715128e-17 0.2203125 0.16718750000000004 0.365625 0.16718750000000004
0 0.240625 2.05702392044282e-17 0.0953125 1.1672414804373211e-17 0.09531250000000001 0.13125000000000003 0.240625 0.13125000000000003
0 0.228125 0.12500000000000003 0.09843750000000002 0.125 0.09843750000000004 0.325 0.228125 0.325
0 0.11250000000000002 0.05312500000000001 6.505936120470313e-18 0.053125 1.9039430705494006e-17 0.2578125 0.11250000000000004 0.2578125
1 0.06250000000000003 0.271875 3.329508485181867e-17 0.271875 4.075777628412285e-17 0.39375 0.06250000000000004 0.39375
0 0.28593750000000007 0.2828125 0.17968750000000006 0.2828125 0.17968750000000006 0.4296875 0.28593750000000007 0.4296875
0 0.39375 0.10625000000000004 0.284375 0.10625000000000004 0.284375 0.24375000000000005 0.39375 0.24375000000000008
0 0.38906250000000003 0.24687500000000004 0.259375 0.246875 0.259375 0.4140625 0.3890625000000001 0.4140625
0 0.4015625 0.33593750000000006 0.2875 0.3359375 0.28750000000000003 0.4875 0.4015625 0.4875
0 0.1546875000000001 0.6953125 0.04531250000000009 0.6953125 0.045312500000000096 0.8390625 0.1546875000000001 0.8390625
0 0.0656250000000001 0.7265625 8.897824400054988e-17 0.7265625 9.83544460565218e-17 0.8796875 0.06562500000000011 0.8796875
0 0.03125000000000007 0.4484375 5.4917754899264124e-17 0.4484375 6.563341439180347e-17 0.6234375 0.031250000000000076 0.6234375
0 0.09843750000000011 0.8625 0.020312500000000105 0.8625 0.02031250000000011 0.95 0.09843750000000011 0.95
0 0.05937500000000012 0.9484375 0.009375000000000116 0.9484375 0.00937500000000012 0.9984375 0.059375000000000136 0.9984375
0 0.3828125000000001 0.8609375 0.3062500000000001 0.8609375 0.3062500000000001 0.953125 0.3828125000000001 0.953125
0 0.4000000000000001 0.671875 0.34062500000000007 0.671875 0.34062500000000007 0.7609375 0.4000000000000002 0.7609375
0 0.3578125000000001 0.515625 0.2953125000000001 0.515625 0.2953125000000001 0.628125 0.3578125000000001 0.628125
0 0.5671875 6.075396230145071e-17 0.425 5.204748896376251e-17 0.425 0.13437500000000008 0.5671875 0.13437500000000008
1 0.55625 0.09218750000000006 0.5046875 0.09218750000000006 0.5046875 0.22656250000000008 0.55625 0.22656250000000008
0 0.4875 0.14843750000000006 0.3984375 0.14843750000000006 0.3984375 0.2515625000000001 0.4875 0.2515625000000001
0 0.7984375 0.31718750000000007 0.7296875 0.31718750000000007 0.7296875 0.3828125000000001 0.7984375 0.3828125000000001
0 0.7296875 0.5203125000000001 0.675 0.5203125 0.675 0.6671875 0.7296875 0.6671875000000002
0 1 0.2609375000000001 0.96875 0.2609375000000001 0.96875 0.3515625000000001 1 0.3515625000000001
0 0.8921875 0.42187500000000017 0.803125 0.42187500000000017 0.803125 0.5578125000000002 0.8921875 0.5578125000000002
2 0.7796875 0.4312500000000001 0.7140625 0.43125 0.7140625 0.5406250000000001 0.7796875 0.5406250000000001
2 0.515625 0.4703125 0.4203125 0.4703125 0.4203125 0.5625 0.515625 0.5625
2 0.2015625000000001 0.490625 0.10000000000000005 0.490625 0.10000000000000006 0.6125 0.2015625000000001 0.6125
2 0.1609375000000001 0.8296875 0.09062500000000011 0.8296875 0.09062500000000011 0.8984375 0.1609375000000001 0.8984375
0 0.5656250000000002 0.8203125 0.5062500000000002 0.8203125 0.5062500000000002 0.9640625 0.5656250000000002 0.9640625
1 0.6015625000000002 0.765625 0.5578125000000002 0.765625 0.5578125000000002 0.85625 0.6015625000000002 0.85625
0 0.5562500000000001 0.7375 0.4812500000000002 0.7375 0.4812500000000002 0.825 0.5562500000000001 0.825
0 0.6406250000000001 0.6265625 0.5234375 0.6265625 0.5234375000000001 0.790625 0.6406250000000002 0.790625
0 0.6765625 0.546875 0.596875 0.546875 0.596875 0.65625 0.6765625 0.65625
0 0.809375 0.5609375000000002 0.7296875 0.5609375000000002 0.7296875 0.6625000000000002 0.809375 0.6625000000000002
2 0.740625 0.3703125000000001 0.6328125 0.3703125000000001 0.6328125 0.5140625000000001 0.740625 0.5140625000000002
2 0.5453125 0.3984375000000001 0.4984375 0.3984375000000001 0.4984375 0.5359375 0.5453125 0.5359375
2 0.609375 0.3890625000000001 0.5203125 0.3890625000000001 0.5203125 0.5734375 0.609375 0.5734375
0 0.721875 0.1859375000000001 0.646875 0.1859375000000001 0.646875 0.2984375000000001 0.721875 0.2984375000000001
0 0.86875 0.0031250000000001012 0.7875 0.0031250000000000956 0.7875 0.0984375000000001 0.86875 0.09843750000000011
0 0.796875 0.2078125000000001 0.7109375 0.2078125000000001 0.7109375 0.3265625000000001 0.796875 0.3265625000000001
1 0.8625 0.9234375 0.7703125000000002 0.9234375 0.7703125000000002 1 0.8625 1