0 0.4703125 0.23125000000000004 0.3390625 0.23125 0.33906250000000004 0.4125 0.4703125 0.4125
0 0.271875 0.023437500000000028 0.1671875 0.02343750000000002 0.16718750000000002 0.2421875 0.271875 0.2421875
1 0.390625 4.142750500240656e-17 0.2859375 3.501724441311963e-17 0.2859375 0.04687500000000004 0.390625 0.04687500000000004
2 0.12187500000000002 0.15 1.8369701987210297e-17 0.15 2.5641042357147705e-17 0.26875 0.12187500000000004 0.26875
0 0.07812500000000006 0.3125 3.827021247335479e-17 0.3125 5.156911130784557e-17 0.5296875 0.07812500000000007 0.5296875
0 0.1281250000000001 0.6140625 7.520096751014216e-17 0.6140625 8.706473337688214e-17 0.8078125 0.1281250000000001 0.8078125
0 0.1984375000000001 0.584375 0.08281250000000007 0.584375 0.08281250000000008 0.771875 0.1984375000000001 0.771875
0 0.128125 7.845393557037732e-18 0 0 9.47187758715531e-18 0.1546875 0.128125 0.1546875
0 0.6328125 0.01718750000000007 0.534375 0.017187500000000067 0.534375 0.15781250000000008 0.6328125 0.15781250000000008
0 0.528125 0.060937500000000054 0.4515625 0.06093750000000005 0.4515625 0.14843750000000006 0.528125 0.14843750000000006
2 0.584375 0.2796875000000001 0.4953125 0.2796875000000001 0.4953125 0.3578125000000001 0.584375 0.3578125000000001
2 0.6734375 0.3390625000000001 0.5546875 0.3390625000000001 0.5546875 0.4984375 0.6734375 0.4984375
2 0.58125 0.3828125000000001 0.48125 0.3828125000000001 0.48125 0.4734375 0.58125 0.4734375
1 0.45 0.4296875 0.3375000000000001 0.4296875 0.3375000000000001 0.5421875 0.45 0.5421875
0 0.4734375 0.54375 0.3531250000000001 0.54375 0.3531250000000001 0.709375 0.4734375 0.709375
0 0.3812500000000001 0.5671875 0.3218750000000001 0.5671875 0.3218750000000001 0.6875 0.3812500000000001 0.6875
0 0.4203125000000002 0.79375 0.3390625000000001 0.79375 0.3390625000000001 0.9484375 0.4203125000000002 0.9484375
1 0.36718750000000006 0.31875000000000003 0.24375 0.31875 0.24375000000000005 0.440625 0.3671875000000001 0.440625
2 0.24687500000000004 0.2578125 0.09218750000000002 0.2578125 0.09218750000000003 0.3703125 0.2468750000000001 0.3703125
1 0.17656250000000012 0.840625 0.07031250000000011 0.840625 0.07031250000000011 0.984375 0.17656250000000012 0.984375
0 0.2500000000000001 0.9 0.1625000000000001 0.9 0.16250000000000012 0.990625 0.2500000000000001 0.990625
0 0.63125 0.5921875 0.5734375 0.5921875 0.5734375 0.7125 0.63125 0.7125
0 0.5609375000000001 0.7234375 0.4734375 0.7234375 0.47343750000000007 0.8359375 0.5609375000000002 0.8359375
0 0.58125 0.665625 0.5171875 0.665625 0.5171875000000001 0.7421875 0.5812500000000002 0.7421875
0 0.5921875000000002 0.7421875 0.5328125000000001 0.7421875 0.5328125000000001 0.9296875 0.5921875000000002 0.9296875
1 0.6421875000000001 0.6859375 0.590625 0.6859375 0.5906250000000001 0.790625 0.6421875000000001 0.790625
0 0.775 0.12031250000000009 0.69375 0.12031250000000009 0.69375 0.2000000000000001 0.775 0.2000000000000001
0 0.8515625 0.1937500000000001 0.7640625 0.1937500000000001 0.7640625 0.2875000000000001 0.8515625 0.2875000000000001
0 0.8578125 0.27812500000000007 0.7609375 0.27812500000000007 0.7609375 0.3468750000000001 0.8578125 0.3468750000000001
0 0.7578125 0.3156250000000001 0.709375 0.3156250000000001 0.709375 0.4125000000000001 0.7578125 0.4125000000000002
1 0.8109375 0.3671875000000001 0.7296875 0.3671875000000001 0.7296875 0.49218750000000017 0.8109375 0.49218750000000017
0 0.853125 0.5000000000000002 0.7671875 0.5000000000000002 0.7671875 0.6031250000000001 0.853125 0.6031250000000001
0 0.946875 0.5890625000000002 0.884375 0.5890625000000002 0.884375 0.6890625000000001 0.946875 0.6890625000000001
0 0.4968750000000002 0.909375 0.4343750000000002 0.909375 0.4343750000000002 1 0.4968750000000002 1
0 0.6578125 0.07968750000000008 0.6015625 0.07968750000000006 0.6015625 0.16562500000000008 0.6578125 0.16562500000000008
0 0.4203125 0.14843750000000006 0.3390625 0.14843750000000006 0.3390625 0.27343750000000006 0.4203125 0.2734375000000001
0 0.4484375 0.01250000000000005 0.35 0.012500000000000044 0.35 0.16250000000000003 0.4484375 0.16250000000000003
1 0.2515625000000001 0.4328125 0.16250000000000003 0.4328125 0.16250000000000003 0.5234375 0.2515625000000001 0.5234375
0 0.2921875000000001 0.603125 0.21093750000000008 0.603125 0.21093750000000008 0.709375 0.2921875000000001 0.709375