0 0.7785143141778523 0.2760342386744966 0.6731735004194631 -0.045532455956375874 0.40464371854026854 0.04243419672818791 0.5099845322986578 0.3640008913590604
0 0.5686174349547513 0.29119149462669686 0.2941061580882353 0.07603400735294116 0.1286694004524887 0.28710849123303167 0.4031806773190046 0.5022659785067873
0 0.3745623760800181 0.4578146912679735 0.10999976324231091 0.2780148573005997 -0.06754331658230699 0.539256817613966 0.19701929625540018 0.7190566515813399
0 0.6351360452586207 0.8442887931034482 0.46743669181034475 0.4529903017241379 0.19753502155172412 0.5686624461206897 0.36523437500000006 0.9599609375
0 0.7597087405846484 0.40399311782639896 0.4914048489060259 0.3122943194045911 0.38948450950502156 0.6105056828371592 0.6577884011836441 0.7022044812589671
0 1 0.2910156250000001 0.75 0.2910156250000001 0.75 0.6562500000000002 1 0.6562500000000002
1 0.8609460670968099 0.6448804240972532 0.7214270014122729 0.5247390064244574 0.6182934343154629 0.6445070198272043 0.7578125000000001 0.7646484375000001
0 0.819891987322064 0.7413847030693951 0.5532104926601423 0.6580467359875446 0.4564230705071175 0.9677664868772242 0.7231045651690391 1.0511044539590748
1 0.5205078125 6.661338147750939e-17 0.3883268987323848 -0.04898074469561371 0.3170378362323848 0.14340206780438627 0.44921875 0.19238281250000006
0 0.8514122596153847 0.3400691105769231 0.7509765625000001 0.2109375 0.5885817307692308 0.3372445913461538 0.6890174278846155 0.46637620192307694
0 0.859375 0.2562500000000001 0.7375 0.2562500000000001 0.7375 0.42500000000000016 0.859375 0.42500000000000016