0 0.3179078268348624 0.47435672305045873 0.3125179185779816 0.2964897505733945 0.19792144495412844 0.29996237098623857 0.2033113532110092 0.4778293434633028
0 0.482085681352459 0.3474481301229509 0.3381307633196721 0.2844678534836066 0.2819864241803279 0.41279777151639346 0.42594134221311464 0.47577804815573776
0 0.3964843750000001 0.43359375 0.2773437500000001 0.43359375 0.2773437500000001 0.548828125 0.3964843750000001 0.548828125
0 0.3488605866967473 0.5570702195309402 0.2553104701755256 0.4608472425376836 0.18662957717671563 0.5276203329531933 0.2801796936979374 0.62384330994645
0 0.5552080800097278 0.31686603234435806 0.4708209204766538 0.31159183487354086 0.4620394576848249 0.4520952395428017 0.5464266172178989 0.4573694370136188
0 0.60546875 0.20117187500000008 0.50390625 0.20117187500000008 0.50390625 0.3251953125000001 0.60546875 0.3251953125000001
0 0.7364189902668952 0.13886795268119503 0.634726409463761 0.10158067305337912 0.5759126698702253 0.2619817810357493 0.6776052506733594 0.2992690606635652
0 0.6522561961206897 0.051293103448275944 0.5573410560344827 0.04570985991379317 0.5514682112068965 0.1455482219827587 0.6463833512931035 0.1511314655172415
0 0.5703125 6.404280868587965e-17 0.466796875 5.770430474498027e-17 0.466796875 0.07910156250000007 0.5703125 0.07910156250000007
0 0.6166648157447466 0.1531223443294191 0.5314902174752782 0.13791259463844258 0.5207468228522869 0.19807560452719417 0.6059214211217553 0.21328535421817066
0 0.703125 0.04394531250000009 0.6178235264163952 0.0100302687860367 0.5945241014351969 0.0686318528296567 0.6798255750188017 0.10254689654362008
0 0.7985960575632133 0.08344791025676894 0.681696347407138 0.033731941569702474 0.6514495692548669 0.10485274425206989 0.7683492794109421 0.15456871293913638
1 0.909375 0.11562500000000012 0.721875 0.11562500000000009 0.721875 0.1906250000000001 0.909375 0.19062500000000013
0 0.878975481080207 0.11042281492561454 0.7949218749999999 0.08105468750000011 0.7818864711351875 0.11836291235446324 0.8659400772153945 0.14773103978007768
0 1.01905282396789 0.21077444094036704 0.9904569237385321 0.1329300458715597 0.8575788417431193 0.1817424025229358 0.886174741972477 0.25958679759174313
0 0.9531250000000002 0.14160156250000014 0.8857421875 0.11328125000000008 0.8737912380622992 0.1417162676276331 0.9411740505622992 0.17003658012763315
0 0.2603189493433396 0.0004727075515947754 0.17645916393058164 -0.006819447701688542 0.1670673076923077 0.10118689903846156 0.25092709310506567 0.10847905429174487
0 0.4697265625 5.752491312401142e-17 0.3515625 5.028945107826778e-17 0.3515625 0.07031250000000004 0.4697265625 0.07031250000000006
0 0.5088593749999999 0.17567968750000004 0.48699999999999993 0.05545312500000001 0.385765625 0.073859375 0.4076249999999999 0.19408593750000006
0 0.4132616452321204 0.08308966240589717 0.33886718749999994 0.017578125000000045 0.2858911837358845 0.07773731571518197 0.360285641468005 0.1432488531210791
1 0.31430864726027397 0.10995558647260273 0.3077643407534246 0.04778467465753424 0.23547731164383562 0.05539383561643835 0.2420216181506849 0.11756474743150683
0 0.29785156250000006 0.11718750000000004 0.21994827540498507 0.10361724998990066 0.19173408527409713 0.2655876007412944 0.26963737236911206 0.27915785075139377
0 0.1974644725678733 0.06682603930995479 0.13621942166289594 0.04495280684389143 0.08717035492081446 0.18229019372171945 0.14841540582579185 0.2041634261877828
2 0.1847312898089172 0.1648285728503185 0.10307772691082806 0.13433145899681534 0.03486415207006373 0.3169678045382166 0.11651771496815286 0.3474649183917198
0 0.225 0.1296875 0.15 0.1296875 0.15000000000000002 0.2640625 0.225 0.2640625
1 0.7546875 0.2093750000000001 0.65 0.2093750000000001 0.65 0.3609375000000001 0.7546875 0.3609375000000001
1 0.8890625 0.35625000000000007 0.7609375 0.35625000000000007 0.7609375 0.4500000000000002 0.8890625 0.4500000000000002
0 0.7984375 0.1296875000000001 0.703125 0.1296875000000001 0.703125 0.2156250000000001 0.7984375 0.2156250000000001
0 0.9990234375000002 0.22265625000000008 0.8777514947573044 0.22147885249764382 0.8759360641493874 0.40846820511310106 0.9972080068920832 0.40964560261545735
0 0.9108516103641936 0.2003568541524848 0.8179246085772635 0.1752414482641253 0.7722475429714091 0.3442465910057863 0.8651745447583392 0.36936199689414584
0 0.9891660911602209 0.5681489554558011 0.9681619043508288 0.5199628798342542 0.8532728332182321 0.5700427313535912 0.8742770200276244 0.618228806975138
0 0.9647029565742198 0.5164647165534471 0.871890044281945 0.47169613533011445 0.847918757368628 0.5213927057601617 0.9407316696609028 0.5661612869834942
0 0.9600096410987533 0.5114287422074242 0.9462890625 0.423828125 0.8733191723930291 0.4352571439324171 0.8870397509917824 0.5228577611398413
0 0.9515179940232846 0.41884012286704586 0.8916015625 0.3632812500000001 0.840486691254888 0.4184051307545326 0.9004031227781727 0.47396400362157837
0 1.000071671824387 0.5056529456848682 0.9990234375 0.3515625 0.9405785443660342 0.35196008430703374 0.9416267786904211 0.5060505299919019
0 0.6640625 0.2871093750000001 0.58984375 0.2871093750000001 0.58984375 0.4228515625 0.6640625 0.4228515625
0 0.6490835336538462 0.29618389423076924 0.6098707932692308 0.26568509615384617 0.5544471153846154 0.3369441105769231 0.5936598557692309 0.36744290865384616
0 0.7349762895742358 0.5155098594432316 0.6929457218886462 0.39323911708515286 0.5937644991812226 0.4273326623908297 0.6357950668668122 0.5496034047489083
0 0.7701951425046627 0.40797848830432065 0.7138671875000001 0.33007812500000006 0.6458128934177807 0.3792866145671433 0.7021408484224433 0.457186977871464
0 0.617412860576923 0.4402794471153847 0.5920222355769231 0.4021935096153847 0.5480769230769231 0.4314903846153847 0.573467548076923 0.4695763221153847
0 0.52734375 0.5087890625000001 0.5147194253438114 0.4532420340127702 0.4647439833005894 0.46460008902259337 0.477368307956778 0.5201471175098232
0 0.16751530019146618 0.4501833458698032 0.1371132214168491 0.42698175943654276 0.07211903378008762 0.5121465570295405 0.10252111255470471 0.5353481434628009
0 0.13281540355550053 0.3880805175297325 0.09969938522051536 0.37033979342170464 0.050455083932110976 0.4622624891600595 0.08357110226709616 0.48000321326808726
0 0.18286417169301178 0.5326035383735441 0.1164124246048254 0.5187594243968386 0.1027145512687189 0.5845092164101497 0.16916629835690528 0.5983533303868552
0 0.2141188788659794 0.46452158505154645 0.1525048324742269 0.43713756443298984 0.11497261597938153 0.5215850515463918 0.17658666237113407 0.5489690721649485
0 0.20081056668357006 0.40028009317951324 0.11328125000000004 0.3837890625000001 0.10387693331643008 0.43370428182048687 0.19140625000000006 0.4501953125000001
0 0.18190145568362479 0.39486194604531 0.17635259340222573 0.3255011675278219 0.11145543521462638 0.33069294018282985 0.11700429749602544 0.400053718700318
0 0.07636718750000002 0.3423828125 0.034960937500000025 0.32167968750000003 -0.016406249999999976 0.4244140625 0.025000000000000022 0.4451171875
0 0.10728809931506852 0.3381849315068493 0.057775042808219226 0.33297303082191776 0.05078125000000004 0.3994140625 0.10029430650684937 0.4046259631849315
1 0.08489647004889975 0.6626561544926649 0.061437480898533 0.50626289349022 0.0011723525366748254 0.5153026627444988 0.024631341687041564 0.6716959237469438
0 0.035156250000000056 0.4765625 5.854146564283489e-17 0.4765625 6.290666175307693e-17 0.5478515625 0.03515625000000006 0.5478515625
0 0.08497567806603776 0.4426297169811321 0.05809994103773584 0.40334979363207546 -0.014228331367924518 0.4528375589622642 0.01264740566037741 0.49211748231132085
0 0.17578125 0.34082031249999994 0.17368764893847485 0.2905738870233968 0.14111074252599654 0.29193125812391674 0.14320434358752165 0.34217768360051987
1 0.11132812500000007 0.515625 0.04687500000000007 0.515625 0.04687500000000007 0.5986328125 0.11132812500000008 0.5986328125
0 0.09350382728894174 0.4986959813466113 0.09261319299940547 0.4621799754756243 0.03876755722354341 0.46349328366527953 0.03965819151307968 0.5000092895362664
0 0.12426470588235294 0.727745863970588 0.057352941176470607 0.6703929227941176 0.019025735294117663 0.7151079963235294 0.0859375 0.7724609374999998
0 0.1698773016078839 0.6493370720954357 0.10395406509336107 0.6059242090248962 0.05679946836099585 0.6775293373962656 0.12272270487551866 0.7209422004668051
0 0.14145132211538466 0.6003605769230769 0.06482872596153852 0.5850360576923077 0.04679987980769236 0.6751802884615385 0.1234224759615385 0.6905048076923077
0 0.17597656250000007 0.6000000000000001 0.13647122524752484 0.5910794399752477 0.12695505878712882 0.6332224628712873 0.16646039603960402 0.6421430228960396
0 0.053783305578684514 0.682000839144463 0.0006326108451291445 0.6809161310886761 -0.0019514987510407145 0.8075375013009992 0.051199195982514656 0.8086222093567861
0 0.09046960943044727 0.7708224749378993 0.0577696670954579 0.7416260978530873 -0.0019919379879346443 0.808559095546487 0.03070800434705472 0.8377554726312988
0 0.6586793586719883 0.5341655138788101 0.6120552317670536 0.47931359987300437 0.5439368083272857 0.537214259796807 0.5905609352322206 0.5920661738026126
0 0.5655150784976153 0.5846690555445152 0.50259899145469 0.559883930345787 0.453149841017488 0.6854086968402225 0.5160659280604134 0.7101938220389508
0 0.5944672434799789 0.6368535547286619 0.53303333278451 0.6225189755663858 0.4938689574552161 0.7903662984062172 0.5553028681506851 0.8047008775684933
0 0.5061888345195731 0.6905464579626335 0.4048098309608542 0.6886336465747331 0.40342804715302505 0.7618681883896798 0.5048070507117439 0.7637809997775802
0 0.49026729283707865 0.7703651685393258 0.39298411165730335 0.7479152036516853 0.36813114466292135 0.8556113939606741 0.46541432584269665 0.8780613588483146
0 0.40248905168685134 0.7887245891003462 0.3545455774221453 0.7432397545415226 0.25862483780276824 0.8443453990051903 0.3065683120674742 0.8898302335640139
0 0.9021266400022144 0.5354979171279896 0.8511447146257749 0.4666723178697964 0.7695208702391497 0.5271344248228521 0.8205027956155891 0.5959600240810454
0 0.8168496295103094 0.46805815077319596 0.7918472132731958 0.42818943298969075 0.7055521101804123 0.4823067010309279 0.7305545264175256 0.522175418814433
0 0.7942931866952792 0.6422889283798285 0.7407457081545065 0.5552742757510731 0.5868763412017168 0.6499631169527899 0.6404238197424894 0.7369777695815453
0 0.7830452881914434 0.5493868841832324 0.7632869895203113 0.49708550534788243 0.647555470775713 0.540806301318064 0.6673137694468453 0.5931076801534141
0 0.6788366866438356 0.5834733518835618 0.634375 0.5421875000000003 0.5731940282534247 0.6080747003424659 0.6176557148972603 0.6493605522260275
0 0.8801171874999998 0.48015624999999995 0.8685546874999999 0.39921874999999996 0.8029296875 0.40859375 0.8144921875 0.4895312499999999
0 0.984935512204142 0.6394750832100593 0.9361189441568045 0.6191348465236687 0.8892555011094674 0.7316071098372781 0.9380720691568047 0.7519473465236687
0 1 0.5869140625 0.9301382211538461 0.5729417067307693 0.9190204326923077 0.6285306490384616 0.9888822115384615 0.6425030048076923
0 1.000197831307093 0.5970286472326708 0.9990234374999998 0.5253906250000002 0.9560022123522298 0.5260958909860292 0.9571766061593229 0.5977339132186998
0 0.85546875 0.5830078125 0.7698438348921144 0.5321292397547346 0.7384813528407328 0.5849100022314501 0.8241062679486184 0.6357885749767155
0 0.9578798785480348 0.6620923171397382 0.905324611080786 0.5933661981441051 0.8118048921943233 0.6648812772925766 0.8643601596615721 0.7336073962882097
0 0.8763300692873301 0.632825756504525 0.8620572327488686 0.5928618141968327 0.7707464295814479 0.6254728153280544 0.7850192661199094 0.6654367576357467
0 0.7952828611381323 0.6249164032101169 0.7607877857490273 0.594479571984436 0.7175264469844358 0.6435090892509729 0.7520215223735408 0.6739459204766539
0 0.7546123798076925 0.6886868990384616 0.6591796875000001 0.6767578125 0.6446063701923077 0.7933443509615385 0.7400390625000002 0.8052734375
0 0.86328125 0.7382812500000002 0.7460937500000002 0.7382812500000002 0.7460937500000002 0.8369140625 0.86328125 0.8369140625
0 0.8033747438524591 0.7482549948770492 0.7970350922131149 0.6785188268442622 0.7456134733606558 0.6831935194672131 0.751953125 0.7529296875
2 0.6749082315488566 0.6993141729469855 0.5917887538981289 0.661910408004158 0.5652022966476091 0.720991424116424 0.6483217742983368 0.7583951890592514
1 0.920887661637931 0.7751293103448276 0.9079404633620689 0.7219019396551725 0.8035290948275863 0.7472992995689655 0.8164762931034483 0.8005266702586207
0 0.6838849462510805 0.918103797536733 0.6195432354688851 0.8574387559420916 0.5736962848422645 0.9060643096369922 0.63803799562446 0.9667293512316336
0 0.6864349941037736 0.8612470518867925 0.6845224056603774 0.8172575176886792 0.5754385318396227 0.8220002948113206 0.5773511202830189 0.865989829009434
0 0.676658237839102 0.8040909655636108 0.6531768884471469 0.7446969641604305 0.5633395331501403 0.780214058115061 0.5868208825420954 0.8396080595182414
0 0.9130859375000002 0.8105468750000002 0.8778187845031546 0.7979039333596216 0.8592640970031546 0.8496617458596217 0.8945312500000002 0.8623046875000003
0 0.9580078125000002 0.7656250000000002 0.9345703125000002 0.7421875000000002 0.8828125000000002 0.7939453125000002 0.9062500000000002 0.8173828125000002
0 0.8523595630470459 0.9550439346280089 0.7938363306892778 0.8689803576312911 0.7491751572757112 0.8993499555525165 0.8076983896334792 0.9854135325492341
0 0.8768629807692309 0.9084585336538462 0.8673828125 0.8326171875000001 0.7791616586538461 0.8436448317307693 0.7886418269230769 0.9194861778846153
0 0.6855468750000002 0.919921875 0.6425781250000002 0.919921875 0.6425781250000002 0.9990234375 0.6855468750000002 0.9990234375
0 0.7598531788793104 0.977464978448276 0.688806573275862 0.8935008081896552 0.6452047413793103 0.9303946659482758 0.7162513469827585 1.0143588362068967
0 0.7890625 0.9716796875 0.7639018245557201 0.8433602427341725 0.6909557513420955 0.8576633943446872 0.7161164267863753 0.9859828391105147
0 0.7826888406065089 0.8270155325443789 0.7587832840236688 0.7689591808431954 0.6960116956360948 0.7948063054733729 0.719917252218935 0.8528626571745562
0 0.4554309629615503 0.8829415361801954 0.37461348746948436 0.8441934314922186 0.3471716938129387 0.9014291725472994 0.4279891693050047 0.9401772772352762
0 0.2989882172131148 0.8728547643442622 0.2437948258196722 0.8598680840163935 0.2260566086065574 0.9352555071721312 0.28125 0.9482421875
0 0.38672379820938846 0.9213177541351719 0.34519191958669165 0.8759142594461817 0.27555756560083244 0.9396107999332267 0.31708944422352925 0.9850142946222169
0 0.5223858173076922 0.9029447115384617 0.4714543269230768 0.8689903846153847 0.4284855769230769 0.9334435096153847 0.47941706730769224 0.9673978365384617
0 0.5878010952926658 0.9890636019040905 0.5730782792665726 0.9112430029090268 0.48088609617418887 0.9286847672778562 0.4956089122002821 1.0065053662729198
0 0.6386718750000002 0.927734375 0.5800781250000002 0.927734375 0.5800781250000002 0.9990234375 0.6386718750000002 0.9990234375
0 0.6993655166184972 0.8574444544797688 0.633760838150289 0.8473514270231213 0.6273482658959539 0.8890331466763005 0.692952944364162 0.8991261741329479
0 0.802734375 0.97265625 0.7382812500000002 0.97265625 0.7382812500000002 0.9990234375 0.802734375 0.9990234375
0 0.854081125520214 0.9987714588287753 0.8532520344084421 0.9647787232461356 0.8020724955410227 0.9660270046819264 0.8029015866527944 1.000019740264566
0 0.8859145220588236 0.9440487132352942 0.8759765625 0.904296875 0.836224724264706 0.9142348345588236 0.8461626838235295 0.9539866727941178
0 0.5299076883669609 0.2182660289249685 0.5182739103877679 0.10968410111916774 0.4733101651166457 0.11450164525535937 0.48494394309583866 0.22308357306116014
0 0.5730468750000001 0.1353515625 0.5302734375 0.04980468749999996 0.4833984375 0.07324218749999996 0.5261718750000001 0.1587890625
0 0.34375000000000006 0.0009765625000000308 0.2587890625 3.122502256758253e-17 0.2581494592140027 0.05564548588177017 0.3431103967140027 0.05662204838177017
0 0.5986776089449541 0.812025157683486 0.5676963876146789 0.7544886037844036 0.5031715883027523 0.7892327264908257 0.5341528096330276 0.8467692803899082