2 0.38458240652643494 0.2993217300324008 0.20943117092676405 0.16851257939467187 -0.011851543213844896 0.46480638307447036 0.163299692385826 0.5956155337121992
2 0.6220102163461537 0.23291766826923072 0.5997145432692307 0.05455228365384616 0.22423377403846154 0.10148737980769225 0.24652944711538458 0.2798527644230768
2 0.890625 8.545020878816249e-17 0.490234375 6.093335392241958e-17 0.490234375 0.16503906250000006 0.890625 0.16503906250000008
2 0.9191334259025501 0.3604920928269377 0.9168501779064633 0.1572830211752083 0.5988162415583187 0.16085643619035594 0.6010994895544055 0.36406550784208536
2 0.8285295463567396 0.38301649611856037 0.41187367678193365 0.3437093386115032 0.3991514864149611 0.4785645565014115 0.8158073559897672 0.5178717140084687
2 0.41701876610824745 0.6905456668814434 0.3725173163659795 0.49635752255154647 0.012130718427835063 0.5789461179123712 0.05663216817010308 0.7731342622422681
2 0.6551942567567568 0.5805796030405406 0.5838840793918919 0.4458826013513514 0.3485008445945946 0.5704972550675678 0.41981102195945946 0.7051942567567567
2 1.0571006710196607 0.4853914682922129 0.9327941282767925 0.35398169453546646 0.6501948607363145 0.6213053259926754 0.7745014034791826 0.7527150997494219
2 0.9412293264087019 0.8110762526747506 0.8396849366975749 0.6611773916726105 0.5572912023002853 0.8524763730385164 0.6588355920114123 1.0023752340406564
2 0.5448176951142132 0.7480522684010154 0.48484918305837565 0.6466895621827413 0.24778073445431473 0.7869447176395941 0.30774924651015223 0.8883074238578681
2 0.6652740638069681 0.41535762071742416 0.6263368985655504 0.259608957497496 0.23028074822493627 0.3586229936495516 0.26921791346635404 0.5143716568694796