1 1.0003471306403182 0.25435181357531245 0.9987649123518908 0.07872558355989286 0.7515475052243954 0.08095276740788833 0.7531297235128227 0.256578997423308
1 0.19277818524727589 0.5090862059932942 0.0009765625000000611 0.494140625 -0.025501132910729203 0.8339377161043589 0.1663004898365466 0.848883297097653
0 0.572265625 0.525390625 0.443359375 0.525390625 0.4433593750000001 0.8095703125 0.5722656250000001 0.8095703125
0 0.4341491114217252 0.409391848043131 0.4285362170527156 0.26906948881789133 0.17682957268370608 0.2791377545926517 0.18244246705271566 0.4194601138178914
0 0.7876518525079093 0.2725235013511733 0.7588047678288954 0.14347075410295282 0.5393910245847615 0.19251617906340623 0.5682381092637755 0.3215689263116267
1 0.8603018804650239 0.365855400437202 0.7459974910572337 0.23167198678457881 0.4704205584260731 0.46642270717408596 0.5847249478338632 0.6006061208267092
0 0.9652883329280154 0.36648832684824895 0.8786630593385214 0.2900542619163424 0.6816786235408561 0.5133032891536965 0.7683038971303502 0.589737354085603
0 1.0000163756022533 0.7694137377556624 0.9990234375000002 0.4804687499999999 0.7965720052298599 0.4811644593892444 0.797564943332113 0.7701094471449068
0 0.9406856142241379 0.8891163793103447 0.9294517780172414 0.6981411637931034 0.5843682650862069 0.7184401939655173 0.5956021012931034 0.9094154094827586
0 1.0000000000000002 0.9990234375000002 0.9990234375000002 0.865234375 0.7822808795618008 0.866816437466702 0.7832574420618008 1.0006054999667022
0 0.7952049949251069 0.9989533934022544 0.7947686610451974 0.8876882540253129 0.525249215217759 0.8887451930285579 0.5256855490976686 1.0000103324054994
0 0.5240742989420959 0.9986223892822649 0.5229389753941871 0.7590691206734872 0.1791689273701765 0.7606983626072503 0.1803042509180854 1.000251631216028
0 0.5140281774932455 0.2518740868744861 0.3186239060848114 0.02428558252819222 0.23215390248737222 0.09852750480882183 0.42755817389580636 0.32611600915511574
0 0.31659907026527884 0.47419356531229023 0.05798577589825391 0.31745823539288115 -0.03509263242948284 0.47103760913364684 0.2235206619375421 0.6277729390530558
0 0.46222615274038475 0.4532827524519232 0.2458950229326924 0.39428335341346155 0.1527944711538462 0.7356520432692307 0.36912560096153857 0.7946514423076924
0 0.5984375 0.4 0.3984375000000001 0.4 0.3984375000000001 0.5140625 0.5984375 0.5140625
0 0.4796875000000001 0.546875 0.3000000000000001 0.546875 0.3000000000000001 0.8359375 0.47968750000000016 0.8359375
0 0.1515625000000001 0.865625 1.0600848855119278e-16 0.865625 1.1423658423296405e-16 1 0.15156250000000013 1
0 0.20468750000000008 0.8671875 0.07500000000000011 0.8671875 0.07500000000000011 0.996875 0.20468750000000008 0.996875
0 0.878125 0.5140625000000001 0.5890625 0.5140625 0.5890625 0.7765625 0.878125 0.7765625000000002
0 0.0921875 5.644856339819832e-18 0 0 1.6456191363542558e-17 0.26875 0.09218750000000002 0.26875
0 0.3546875 0.18906250000000005 0.225 0.18906250000000005 0.225 0.2859375 0.3546875 0.2859375
0 0.578125 0.31718750000000007 0.3953125 0.31718750000000007 0.39531250000000007 0.4140625 0.578125 0.4140625