2 0.3886718750000001 0.4462890625000001 0.25878906250000006 0.31640625000000006 0.19335937500000006 0.3818359375000001 0.3232421875000001 0.5117187500000001
2 0.41684927591463417 0.34698932926829273 0.36362900152439026 0.20253429878048784 0.28705697408536585 0.23074504573170737 0.3402772484756097 0.3752000762195123
2 0.5099652008857956 0.330164937420911 0.49362994552752293 0.14721007740825687 0.41252428276257513 0.1544516544408415 0.4288595381208477 0.3374065144534957
2 0.6312595137893983 0.18039543785816625 0.558831594734957 0.16027657145415478 0.5198530399355301 0.3005993687320917 0.5922809589899712 0.3207182351361032
2 0.7438888708419956 0.3271403163981289 0.6814274460758835 0.2605147966476092 0.5825124252858627 0.35324762863825365 0.6449738500519748 0.4198731483887734
2 0.7889349962908011 0.5016372635385757 0.7593599313798218 0.3960120317136499 0.6156284773738873 0.43625683883531163 0.6452035422848665 0.5418820706602375
2 0.7894071691176471 0.6879021139705883 0.7136880947231835 0.545928849480969 0.6263043360726643 0.5925335207612458 0.702023410467128 0.7345067852508651
2 0.6795718637184115 0.8426803643953068 0.6597190884476534 0.6590421931407944 0.5757657378158845 0.6681182310469316 0.5956185130866426 0.851756402301444
2 0.5781250000000001 0.7109375 0.4882812500000001 0.7109375 0.48828125000000017 0.89453125 0.5781250000000002 0.89453125
2 0.348197126066477 0.5676980342383577 0.2585203602692855 0.4709877966139354 0.18623112835495914 0.5380196298435834 0.2759078941521508 0.6347298674680057
2 0.40231007543103453 0.7105334051724138 0.3666487068965517 0.6273235452586208 0.24360183189655168 0.6800579202586208 0.2792632004310345 0.7632677801724138
2 0.4718591905564925 0.7273892021500844 0.4063323408516021 0.7045972544266442 0.3550833948145025 0.8519379742833053 0.42061024451939294 0.8747299220067454