2 0.6570826124567473 0.33007677335640145 0.567852508650519 0.16277032871972322 0.27622188581314877 0.318306660899654 0.36545198961937714 0.48561310553633225
2 0.4724773724206105 0.18232210706783647 0.27869879834424816 0.09488543339923394 0.17781802174718894 0.3184590463981219 0.3715965958235513 0.4058957200667244
2 0.28135170118343195 0.2649315828402367 0.2125184911242604 0.09973187869822486 0.012925295857988184 0.18289571005917157 0.08175850591715975 0.34809541420118345
2 0.1578769329896907 0.44701997422680406 0.07959085051546393 0.27087628865979385 -0.028414948453608212 0.3188788659793814 0.04987113402061856 0.49502255154639163
2 0.37432211538461535 0.5832355769230769 0.2616201923076923 0.2639134615384615 0.12790865384615385 0.31110576923076916 0.2406105769230769 0.6304278846153846
2 0.7616753016789086 0.4363916579223505 0.4759460257082896 0.30373163693599164 0.4020281348373557 0.4629394018887723 0.6877574108079748 0.5955994228751311
2 0.7948447452229298 0.6490346337579617 0.49225716560509547 0.4839868630573248 0.40764331210191074 0.6391122611464969 0.7102308917197451 0.8041600318471337
2 0.4753378378378379 0.46672297297297305 0.3050675675675677 0.4383445945945946 0.25734797297297307 0.7246621621621623 0.42761824324324327 0.7530405405405407
2 0.47968749999999993 0.9999999999999997 0.47327052142488374 0.717652942694889 0.27962054723799684 0.7220540784718638 0.28603752581311304 1.0044011357769744
2 0.30518628483015886 0.9987941912055616 0.30131805304357656 0.741556777397841 0.13233605804555476 0.7440978600293902 0.136204289832137 1.0013352738371109
2 0.3137513573337788 0.6961295105245574 0.1569062186769128 0.4328537420648179 0.048627004677581055 0.4973605078516538 0.20547214333444708 0.7606362763113933
2 0.7187500000000001 0.615625 0.4046875 0.615625 0.4046875000000001 0.9765625 0.7187500000000002 0.9765625
2 0.2484375000000001 0.68125 8.342906319191344e-17 0.68125 9.424039821563617e-17 0.8578125 0.2484375000000001 0.8578125