2 0.9460954146916857 0.19904888350147854 0.9352594608845018 0.033413589591668166 0.6607152806466343 0.051374423812837 0.671551234453818 0.21700971772264738
2 0.6593151643786127 0.29697096278901747 0.6153800126445088 0.1602838240606937 0.2658225704479769 0.27264157333815026 0.3097577221820809 0.409328712066474
2 0.32966625911803715 0.32761470076259963 0.23962564240716183 0.19664653100132634 -0.011824954409814325 0.3695188163129973 0.07821566230106096 0.5004869860742707
2 0.3613281250000001 0.46484375 0.025390625000000062 0.46484375 0.025390625000000073 0.5986328125 0.3613281250000001 0.5986328125
2 0.6453538869738751 0.5126148063316401 0.6436935889876632 0.3748100734760523 0.2512194983671988 0.37953867697750354 0.25287979635341074 0.5173434098330915
2 0.8987880662194476 0.43732523578639737 0.8973023628453773 0.293212008501594 0.5949826896253986 0.2963287061636557 0.5964683929994686 0.4404419334484591
2 0.7367510560248999 0.4580382079535349 0.5649559526456203 0.39531936068808365 0.4960251431191641 0.5841298389562029 0.6678202464984436 0.6468486862216541
2 0.8909352022058826 0.4676470588235295 0.7226102941176471 0.4546989889705884 0.7013671875 0.7308593750000002 0.8696920955882355 0.7438074448529413
2 0.7277172229107649 0.7542360127478754 0.5560369821175637 0.5741811260623229 0.4463338792492918 0.6787817590297449 0.6180141200424929 0.8588366457152976
2 0.5419889502762432 0.614391617748619 0.46496568542817684 0.4786839606353593 0.1780991022099448 0.6415001294889504 0.25512236705801106 0.77720778660221
0 0.2631471583705627 0.9981492242212028 0.26054338475006034 0.7612058247554938 0.06864519817073171 0.7633145960365854 0.071248971791234 1.000257995502294