0 0.6332474226804125 0.13456829896907221 0.369104381443299 0.01717139175257736 0.262854381443299 0.2562338917525774 0.5269974226804124 0.37363079896907225
2 0.32701939655172413 0.3066077586206897 0.2994719827586207 0.20428879310344827 0.10676939655172415 0.25617025862068965 0.1343168103448276 0.35848922413793105
2 0.7781006018217307 0.20492538223812629 0.5964775130123617 0.18629737312947306 0.5848721128822381 0.29945002439817825 0.766495201691607 0.31807803350683156
2 0.7140625 0.27031250000000007 0.5140625 0.27031250000000007 0.5140625 0.403125 0.7140625 0.403125
2 0.4515625 0.29218750000000004 0.296875 0.2921875 0.29687500000000006 0.4125 0.4515625 0.4125
0 0.5367739312267659 0.5982748605947956 0.48054716542750925 0.5251800650557621 0.3998257434944238 0.587273466542751 0.45605250929368035 0.6603682620817845
0 0.621875 0.5265625 0.490625 0.5265625 0.490625 0.63125 0.621875 0.63125
0 0.6482691601371204 0.4667283912830559 0.6238935479921646 0.40024944906953974 0.5261952130264447 0.43607217189030373 0.5505708251714005 0.5025511141038199
0 0.8404215548578982 0.45627375247851953 0.8082751569729016 0.3571556923331131 0.7127870951751486 0.3881247934567086 0.7449334930601454 0.48724285360211506
0 0.7710539940828403 0.5259670857988168 0.7022059911242603 0.44691937869822496 0.6276294378698224 0.5118731508875741 0.6964774408284023 0.5909208579881658
0 0.7453864644970414 0.4520525147928994 0.7179733727810651 0.38626109467455627 0.623224852071006 0.4257396449704142 0.6506379437869823 0.4915310650887573
0 0.6546874999999999 0.5203125 0.6529123711340206 0.4812596649484536 0.5500708762886598 0.4859342783505155 0.5518460051546391 0.5249871134020618
0 0.5120832629979744 0.531217294058069 0.4969245864280891 0.4980576890614451 0.40213538149898714 0.5413898970290345 0.41729405806887243 0.5745495020256584
0 0.5853183962264151 0.4982606132075472 0.557311320754717 0.44784787735849063 0.4583431603773585 0.5028301886792453 0.48635023584905657 0.5532429245283019
0 0.7139974192100539 0.5926795332136446 0.6993946364452424 0.5083078994614004 0.5986854802513465 0.5257383303411132 0.6132882630161579 0.6101099640933574
0 0.8447394340974214 0.5205005372492837 0.8113896848137536 0.461497134670487 0.7173755372492836 0.5146355659025786 0.7507252865329513 0.5736389684813753
0 0.8925551470588236 0.4264705882352942 0.8610753676470587 0.4075827205882353 0.8159926470588234 0.4827205882352941 0.8474724264705882 0.5016084558823529
0 0.9389502762430938 0.4849447513812155 0.904376726519337 0.4465296961325967 0.828755179558011 0.51458908839779 0.8633287292817678 0.5530041436464088
0 0.4499303343949044 0.6285131369426752 0.39855294585987255 0.5733300159235669 0.30974621815286624 0.6560121417197452 0.36112360668789806 0.7111952627388536