0 0.20747466216216215 0.7120354729729729 0.19442905405405403 0.15107432432432433 0.01647297297297296 0.15521283783783785 0.029518581081081092 0.7161739864864864
0 0.28125 2.2483749828095937e-17 0.0859375 1.0524308430172567e-17 0.08593750000000001 0.24375 0.28125 0.24375
0 0.4734375 4.7646414529326714e-17 0.3046875 3.731345716152092e-17 0.3046875 0.13281250000000006 0.4734375 0.13281250000000006
0 0.528659105887522 0.4857768563268893 0.4558641805799648 0.14260077987697714 0.31789597978910367 0.1718667618629174 0.3906909050966608 0.5150428383128295
2 0.3937500000000001 0.409375 0.24375000000000008 0.409375 0.24375000000000008 0.821875 0.3937500000000001 0.821875
2 0.8109928895300905 0.3977303173948887 0.7758398598516074 0.05323062654575435 0.662542508244023 0.06479158079142623 0.6976955379225062 0.4092912716405606
2 0.8829592784513103 0.4740683662495111 0.871401789206101 0.14756929507235042 0.7780453167774737 0.15087394896362927 0.789602806022683 0.47737302014078997
2 0.9449287052456288 0.45318094296419653 0.831838051623647 0.450872970441299 0.8261878122398002 0.727734700249792 0.9392784658617821 0.7300426727726895
0 0.605195189274448 0.813998422712934 0.4705712736593061 0.7978435528391168 0.44636484621451117 0.9995637815457412 0.580988761829653 1.0157186514195584
0 0.6361442701227832 0.9426351466575718 0.6073584583901773 0.5540266882673943 0.4894866984993179 0.5627579297407912 0.5182725102319237 0.9513663881309687
0 0.7292309175019276 0.6851255300693909 0.7200571029298382 0.35486820547417114 0.6225195161912105 0.3575775828835775 0.6316933307632999 0.6878349074787973
0 0.8271121221468232 0.5543622763726097 0.706543028994448 0.5283303130783469 0.6379156384947564 0.8461834901295496 0.7584847316471316 0.8722154534238126
0 0.9825273010920437 0.30173313182527306 0.934565132605304 0.0019695787831513155 0.834928334633385 0.017911466458658376 0.8828905031201246 0.31767501950078014