2 0.4375 0.4609375 0.37187500000000007 0.4609375 0.37187500000000007 0.5171875 0.4375 0.5171875
2 0.465625 0.4109375 0.3890625000000001 0.4109375 0.3890625000000001 0.4703125 0.465625 0.4703125
2 0.4796875 0.3671875000000001 0.4296875 0.3671875000000001 0.4296875 0.3921875000000001 0.4796875 0.3921875000000001
2 0.528125 0.434375 0.471875 0.434375 0.471875 0.4953125 0.528125 0.4953125
2 0.5125 0.3890625000000001 0.453125 0.3890625000000001 0.453125 0.4421875 0.5125 0.4421875
2 0.5375 0.3281250000000001 0.4828125 0.3281250000000001 0.4828125 0.3765625000000001 0.5375 0.3765625000000001
2 0.5421875 0.3937500000000001 0.5 0.3937500000000001 0.5 0.4390625 0.5421875 0.4390625
2 0.5671875 0.3656250000000001 0.5140625 0.3656250000000001 0.5140625 0.4015625 0.5671875 0.4015625
2 0.596875 0.3234375000000001 0.53125 0.3234375000000001 0.53125 0.3671875000000001 0.596875 0.3671875000000001
2 0.546875 0.3140625000000001 0.496875 0.3140625000000001 0.496875 0.3500000000000001 0.546875 0.3500000000000001
2 0.3812500000000001 0.496875 0.3187500000000001 0.496875 0.3187500000000001 0.5515625 0.3812500000000001 0.5515625
2 0.3703125000000001 0.44375 0.3000000000000001 0.44375 0.3000000000000001 0.503125 0.3703125000000001 0.503125
2 0.34843750000000007 0.3984375 0.3125000000000001 0.3984375 0.3125000000000001 0.4578125 0.34843750000000007 0.4578125
2 0.3859375000000001 0.4015625 0.3421875000000001 0.4015625 0.3421875000000001 0.471875 0.3859375000000001 0.471875
2 0.4296875 0.3531250000000001 0.3671875 0.3531250000000001 0.36718750000000006 0.38750000000000007 0.4296875 0.38750000000000007
2 0.478125 0.3234375000000001 0.4125 0.3234375000000001 0.4125 0.37187500000000007 0.478125 0.37187500000000007
2 0.3359375000000001 0.50625 0.2562500000000001 0.50625 0.2562500000000001 0.5875 0.3359375000000001 0.5875
2 0.2906250000000001 0.4421875 0.2453125000000001 0.4421875 0.2453125000000001 0.5078125 0.2906250000000001 0.5078125
2 0.3234375000000001 0.4015625 0.2578125000000001 0.4015625 0.2578125000000001 0.459375 0.3234375000000001 0.459375
2 0.36250000000000004 0.3515625 0.2828125 0.3515625 0.2828125 0.4046875 0.3625000000000001 0.4046875
2 0.6859375 0.5 0.5453125 0.5 0.5453125 0.5640625 0.6859375 0.5640625
1 0.6 0.4578125 0.525 0.4578125 0.525 0.50625 0.6 0.50625
2 0.596875 0.4015625 0.5359375 0.4015625 0.5359375 0.4640625 0.596875 0.4640625
2 0.6203125 0.3593750000000001 0.565625 0.3593750000000001 0.565625 0.3828125000000001 0.6203125 0.3828125000000001
2 0.6546875 0.4578125 0.5859375 0.4578125 0.5859375 0.5 0.6546875 0.5
2 0.653125 0.4296875 0.5984375 0.4296875 0.5984375 0.4640625 0.653125 0.4640625
2 0.671875 0.3781250000000001 0.5953125 0.3781250000000001 0.5953125 0.428125 0.671875 0.428125
2 0.6609375 0.3296875000000001 0.60625 0.3296875000000001 0.60625 0.3656250000000001 0.6609375 0.3656250000000001
2 0.7234375 0.471875 0.65 0.471875 0.65 0.5109375 0.7234375 0.5109375
2 0.721875 0.4109375 0.6546875 0.4109375 0.6546875 0.4671875 0.721875 0.4671875
2 0.7296875 0.3515625000000001 0.659375 0.3515625000000001 0.659375 0.3984375000000001 0.7296875 0.3984375000000001
2 0.8140625 0.36406250000000007 0.725 0.36406250000000007 0.725 0.4312500000000001 0.8140625 0.4312500000000002
2 0.2406250000000001 0.559375 0.14218750000000008 0.559375 0.14218750000000008 0.65625 0.2406250000000001 0.65625
2 0.2609375000000001 0.509375 0.16093750000000004 0.509375 0.16093750000000007 0.575 0.2609375000000001 0.575
2 0.2578125000000001 0.4484375 0.17656250000000004 0.4484375 0.17656250000000004 0.5078125 0.2578125000000001 0.5078125
2 0.7078125 0.5375 0.6328125 0.5375 0.6328125 0.5921875 0.7078125 0.5921875
2 0.8078125 0.5312500000000001 0.7171875 0.53125 0.7171875 0.6312500000000001 0.8078125 0.6312500000000002
2 0.740625 0.4906250000000001 0.70625 0.490625 0.70625 0.5484375000000001 0.740625 0.5484375000000001
2 0.796875 0.44218750000000007 0.7171875 0.4421875 0.7171875 0.5093750000000001 0.796875 0.5093750000000001
2 0.7421875 0.42656250000000007 0.6921875 0.4265625 0.6921875 0.4703125000000001 0.7421875 0.4703125000000002
2 0.8421875 0.4468750000000002 0.7859375 0.4468750000000002 0.7859375 0.4937500000000002 0.8421875 0.4937500000000002
2 0.915625 0.4671875000000002 0.825 0.4671875000000002 0.825 0.5546875000000002 0.915625 0.5546875000000002
2 0.43125 0.5328125 0.3546875000000001 0.5328125 0.3546875000000001 0.609375 0.43125 0.609375
2 0.496875 0.490625 0.40625 0.490625 0.40625 0.571875 0.496875 0.571875
2 0.4953125 0.5640625 0.41875 0.5640625 0.41875 0.646875 0.4953125 0.646875
2 0.540625 0.5625 0.4890625 0.5625 0.4890625 0.6390625 0.540625 0.6390625
2 0.6125 0.553125 0.528125 0.553125 0.528125 0.634375 0.6125 0.634375
2 0.665625 0.5671875 0.596875 0.5671875 0.596875 0.6359375 0.665625 0.6359375
2 0.95625 0.6234375000000002 0.8453125 0.6234375000000002 0.8453125 0.7140625000000002 0.95625 0.7140625000000002
2 0.9359375 0.5796875000000001 0.8703125 0.5796875000000001 0.8703125 0.6421875000000001 0.9359375 0.6421875000000001
2 0.8203125 0.6984375000000002 0.765625 0.6984375000000002 0.7656250000000001 0.7937500000000002 0.8203125 0.7937500000000002
1 0.8625 0.6234375000000002 0.775 0.6234375000000002 0.775 0.7218750000000002 0.8625 0.7218750000000002
2 0.85625 0.5937500000000002 0.80625 0.5937500000000002 0.80625 0.6406250000000002 0.85625 0.6406250000000002
2 0.8 0.6390625000000001 0.6734375 0.6390625 0.6734375000000001 0.7656250000000001 0.8 0.7656250000000002
2 0.6968750000000001 0.634375 0.625 0.634375 0.6250000000000001 0.75 0.6968750000000001 0.75
2 0.7359375 0.5843750000000001 0.6609375 0.584375 0.6609375 0.659375 0.7359375 0.6593750000000002
2 0.6390625000000001 0.6359375 0.525 0.6359375 0.5250000000000001 0.7328125 0.6390625000000002 0.7328125
2 0.5328125 0.6390625 0.4203125 0.6390625 0.4203125 0.7140625 0.5328125 0.7140625
2 0.4390625000000001 0.6296875 0.3203125000000001 0.6296875 0.3203125000000001 0.7578125 0.4390625000000002 0.7578125
2 0.3984375000000001 0.609375 0.3125000000000001 0.609375 0.3125000000000001 0.678125 0.3984375000000001 0.678125
2 0.3359375000000001 0.584375 0.2453125000000001 0.584375 0.2453125000000001 0.6953125 0.3359375000000001 0.6953125
0 0.2609375000000001 0.59375 0.2296875000000001 0.59375 0.2296875000000001 0.65625 0.2609375000000001 0.65625
2 0.34062500000000007 0.728125 0.20312500000000008 0.728125 0.20312500000000008 0.8296875 0.34062500000000007 0.8296875
2 0.2640625000000001 0.665625 0.1984375000000001 0.665625 0.1984375000000001 0.790625 0.2640625000000001 0.790625
2 0.3984375000000001 0.765625 0.3062500000000001 0.765625 0.3062500000000001 0.8984375 0.3984375000000001 0.8984375
2 0.47656250000000017 0.7875 0.3593750000000001 0.7875 0.3593750000000001 0.9421875 0.47656250000000017 0.9421875
2 0.4859375000000001 0.7234375 0.40625 0.7234375 0.4062500000000001 0.8 0.4859375000000002 0.8
2 0.5953125000000001 0.709375 0.4796875 0.709375 0.4796875000000001 0.8359375 0.5953125000000001 0.8359375
2 0.6593750000000002 0.73125 0.5718750000000001 0.73125 0.5718750000000001 0.8734375 0.6593750000000002 0.8734375
2 0.7312500000000002 0.7359375000000001 0.6578125000000001 0.7359375 0.6578125000000001 0.8765625 0.7312500000000002 0.8765625
2 0.8265625 0.7718750000000002 0.7328125000000002 0.7718750000000002 0.7328125000000002 0.909375 0.8265625 0.909375
2 0.9140625 0.7546875000000002 0.828125 0.7546875000000002 0.828125 0.83125 0.9140625 0.83125
2 0.9171875 0.7093750000000002 0.8328125 0.7093750000000002 0.8328125 0.7703125000000002 0.9171875 0.7703125000000002
2 0.5843750000000002 0.840625 0.47968750000000016 0.840625 0.47968750000000016 0.9890625 0.5843750000000002 0.9890625
2 0.6843750000000002 0.86875 0.5640625000000001 0.86875 0.5640625000000001 1 0.6843750000000002 1
1 0.7562500000000002 0.8484375 0.6562500000000002 0.8484375 0.6562500000000002 0.940625 0.7562500000000002 0.940625