1 0.6265625 5.2908568744412996e-17 0.2375 2.9085361479749636e-17 0.2375 0.17500000000000007 0.6265625 0.1750000000000001
0 0.7399642587335744 0.7677824246829358 0.17427587450208323 0.1966547290646033 -0.11397715306075726 0.48216248969827386 0.451711231170734 1.0532901853166063
1 0.5982424693537125 0.7493696659942587 0.5109926827139423 0.17306186476840715 0.341118807704244 0.19877982194119012 0.4283685943440143 0.7750876231670417
0 0.9301715307630308 0.14859912345513182 0.5291778613648577 0.14202545674368627 0.5160498387963461 0.9428348334228909 0.9170435081945192 0.9494085001343364
0 0.3603343588082902 0.03552056347150266 0.11400340025906738 -0.016037079015544027 0.0578262629533679 0.2523647992227979 0.30415722150259067 0.3039224417098446
1 0.11976375721352021 0.693502679307502 0.05760356553998351 0.4156100577081615 -0.02621650865622428 0.43435928483099745 0.03594368301731243 0.7122519064303379
1 0.2000000000000001 0.7609375 9.61539088393039e-17 0.7609375 1.1050523851681195e-16 0.9953125 0.2000000000000001 0.9953125
0 0.08437500000000003 0.1390625 1.703024455064288e-17 0.1390625 3.5112919944303015e-17 0.434375 0.08437500000000005 0.434375
1 0.1234375 8.22809568177128e-18 0.0109375 1.3394574365674175e-18 0.01093750000000001 0.153125 0.1234375 0.153125
0 1 0.08125000000000013 0.84375 0.08125000000000011 0.84375 0.3265625000000001 1 0.3265625000000001
0 0.9109375 9.337931843498569e-17 0.6140625 7.520096751014216e-17 0.6140625 0.1906250000000001 0.9109375 0.19062500000000013