0 0.4718208931764957 0.009335000843032168 2.222614453595284e-19 0.0018572640625000001 -0.002321119196063108 0.14831234323923387 0.46949977398043263 0.15579008001976605
1 0.2835983543907681 0.19029653617492173 0.108557944723444 0.0008078222420747183 -0.1560499272758445 0.24523963749186653 0.01899048239147958 0.43472835142471355
0 0.7531444850177411 0.32562239909243357 0.42360936655057974 0.018405136391954846 0.25664763635220667 0.1974958328481778 0.5861827548193681 0.5047130955486565
0 0.4985227886686454 0.3434108169982113 0.289946780447356 0.15148724516516232 0.03895069433085101 0.4242612521375184 0.24752670255214043 0.6161848239705675
0 0.97493659821773 0.81669088117829 0.7483623958159092 0.33508780329710014 0.5667295247744752 0.42053850902601597 0.7933037271762959 0.9021415869072058
0 0.801468761542143 0.9899502902930747 0.6609006325696278 0.5169674143124385 0.5131959426998127 0.5608645043549023 0.6537640716723279 1.0338473803355386
0 0.6173056649991839 0.9973298881889188 0.6157344671471855 0.8494500964236922 0.426263263127034 0.8514631960177503 0.4278344609790324 0.9993429877829769
0 0.5726359066603565 0.5730106773962985 0.4041242899918882 0.5167809016307928 0.295450552221844 0.8424586585083047 0.4639621688903123 0.8986884342738103
0 0.1583898880790303 0.5976444192429325 0.0028951055534759186 0.5198216997571795 -0.0362279468094024 0.5979920664457316 0.11926683571615197 0.6758147859314846
0 0.22265625156250007 0.806053490625 0.1035156265625001 0.806053490625 0.10351562656250013 0.9992091656250001 0.22265625156250007 0.9992091656250001
0 1 0.7429064421875002 0.90625 0.7429064421875002 0.90625 0.9639211109374999 1 0.9639211109374999
0 0.37198522101560494 0.6193157080033204 0.17242754007014036 0.5835952902178708 0.1286194774058483 0.8283358597293736 0.3281771583513129 0.8640562775148231
0 0.4296875 0.5125 0.2718750000000001 0.5125 0.2718750000000001 0.603125 0.4296875 0.603125
2 0.3968750000000001 0.8203125 0.2531250000000001 0.8203125 0.2531250000000001 1 0.3968750000000001 1
2 0.4468750000000002 0.846875 0.3656250000000001 0.846875 0.3656250000000001 1 0.4468750000000002 1