2 0.5546875 0.31640625000000006 0.21093750000000006 0.31640625 0.21093750000000008 0.5537109375 0.5546875 0.5537109375
2 0.6119366086409397 0.32372640520134244 0.37965813758389266 0.0757002411912752 0.254001677852349 0.19337851300335576 0.486280148909396 0.4414046770134229
2 0.6909296158256881 0.2782163847477065 0.6823036123853212 -0.006441728784403694 0.4666517345183487 0.0000931766055045885 0.47527773795871564 0.2847512901376147
2 0.9346359282907661 0.20510191552062867 0.9008932956777995 0.06731949901768175 0.5970687776277014 0.141725503438114 0.6308114102406679 0.27950791994106094
2 0.8688951291137986 0.5709057171887392 0.8027126908207771 0.27609303751982556 0.5560172048473435 0.3314736568199842 0.6221996431403649 0.6262863364888978
2 1.0251782161803713 0.5744389298740052 0.9728013096816974 0.29160363478116713 0.804596837698939 0.32275261107427056 0.8569737441976126 0.6055879061671087
2 1.0556640625 0.7597656250000002 0.7119140625 0.41601562500000017 0.51953125 0.6083984375000002 0.86328125 0.9521484375000003
2 0.6578009087537091 0.9937076919510387 0.6377608030415429 0.5828855248516323 0.3900651428041543 0.5949682399851633 0.4101052485163204 1.0057904070845698
2 0.5151342401649746 0.8720356123096448 0.37450130869289333 0.5328620717005077 0.05211572017766493 0.6665341449873097 0.19274865164974614 1.0057076855964469
2 0.3302255306603773 0.30905439268867935 0.2645251269956458 0.04155989205370102 0.011718183055152393 0.10365282565312046 0.07741858671988391 0.37114732628809877
2 0.22345218693147362 0.5074577632277137 0.19948287788053368 0.3122791038129169 -0.016793440153123097 0.3388393533959976 0.007175868897816839 0.5340180128107943