1 0.8292518028846153 0.11403245192307696 0.7114633413461539 -0.03740985576923075 0.4269681490384615 0.18386418269230762 0.544756610576923 0.33530649038461535
0 0.6988537197737911 0.5260119076638068 0.45573444812792524 0.3993159492004681 0.30153020183307333 0.6952213947932917 0.5446494734789391 0.8219173532566305
0 0.8096764392357618 0.4277998198203865 0.5453029485937815 0.2647695005911652 0.42100141973988736 0.4663395473812638 0.6853749103818677 0.6293698666104851
0 1.0518652692429697 0.39369450517682736 0.8408203125 0.130859375 0.7129798697125174 0.23350958275546638 0.9240248264554871 0.49634471293229376
1 0.7862172719594593 0.6018369932432434 0.6901076858108108 0.5509554476351353 0.5443992820945948 0.8261824324324326 0.6405088682432432 0.8770639780405407
1 0.9900409726466991 0.508125286522005 0.7030414310819071 0.4650753552872862 0.6849332403728607 0.5857966266809291 0.9719327819376528 0.6288465579156479
1 1.0033836002559275 0.6851903439605105 0.7550352563252531 0.6396814851250465 0.7399840832692408 0.721817886659285 0.9883324271999152 0.767326745494749
0 0.856484779792746 0.8465562257124353 0.734751457253886 0.7080321000647669 0.6367025582901554 0.7941962840025908 0.7584358808290155 0.932720409650259
1 0.3345898596419854 0.6895993312652563 0.2162819746745322 0.6828388806956875 0.21292717656631416 0.7415478475895038 0.33123506153376736 0.7483082981590725
0 0.20153314667630068 0.6539017341040463 0.14370709898843942 0.6450054190751445 0.12276463150289027 0.7811314577312138 0.1805906791907515 0.7900277727601156
0 0.28816708452722073 0.7600594332020059 0.19140625000000014 0.7529296875000001 0.18904523742285667 0.7849720010469474 0.2858060719500773 0.7921017467489533
0 0.5016731548634812 0.25823912116040965 0.4443326045221843 0.2514931740614335 0.4299941339590444 0.3733701738481229 0.4873346843003413 0.380116120947099
0 0.390625 0.23906250000000004 0.2765625 0.2390625 0.2765625 0.30468750000000006 0.390625 0.3046875000000001
0 0.3 0.2421875 0.16093750000000004 0.2421875 0.16093750000000004 0.321875 0.3 0.321875
0 0.27812500000000007 0.375 0.18437500000000004 0.375 0.18437500000000004 0.53125 0.27812500000000007 0.53125
2 0.34062500000000007 0.5875 0.1750000000000001 0.5875 0.1750000000000001 0.64375 0.34062500000000007 0.64375