2 0.7574629811979785 0.19758379161712247 0.7526103596908442 -0.0013736901753864412 0.6850533683858502 0.0002740413198573155 0.6899059898929846 0.19923152311236622
2 0.850659372157368 0.19451537863856885 0.8260226368253486 -0.006098037636446318 0.7628984422377197 0.0016540564357186093 0.7875351775697391 0.20226747271073378
2 0.944615534232365 0.09831674662863081 0.8715151711618254 -0.027947516856846422 0.7944477761929459 0.016670448651452306 0.8675481392634854 0.14293471213692954
2 0.5351678481294537 0.3567816582541568 0.5300298767814728 0.20778048916270783 0.44675066805225655 0.21065218601543942 0.4518886394002375 0.3596533551068884
2 0.4749807889344261 0.36873399077868857 0.40520940061475397 0.2092565317622951 0.3066438268442622 0.2523789702868853 0.3764152151639344 0.41185642930327876
2 0.42850916940272715 0.41888210655711944 0.2993352453028781 0.3060248886593566 0.2224264994658792 0.3940529712438734 0.3516004235657283 0.5069101891416363
2 0.6274063363259669 0.36896257769337015 0.6204570959944752 0.23692701139502761 0.5238907113259669 0.24200945269337013 0.5308399516574586 0.3740450189917127
2 0.68359375 0.3339843750000001 0.552734375 0.3339843750000001 0.552734375 0.5029296875 0.68359375 0.5029296875
2 0.70703125 0.4921875 0.587890625 0.4921875 0.587890625 0.6142578125 0.70703125 0.6142578125
2 0.6982758620689655 0.7876818426724137 0.640827047413793 0.6440598060344827 0.5344154094827586 0.6866244612068966 0.5918642241379309 0.8302464978448276
2 0.5722656250000001 0.671875 0.4746093750000001 0.671875 0.47460937500000017 0.86328125 0.5722656250000002 0.86328125
2 0.4843750000000001 0.625 0.3867187500000001 0.625 0.3867187500000001 0.8916015625 0.48437500000000017 0.8916015625
2 0.3803108151028757 0.6568702164414975 0.2746890686973229 0.6352657683130889 0.22897897170922174 0.8587373535882499 0.3346007181147745 0.8803418017166585
2 0.35625923948751653 0.5658505974868593 0.22538574860381083 0.5624948669513796 0.22178234847240477 0.7030274720762154 0.35265583935611045 0.7063832026116951
2 0.36343214160504844 0.488426165699898 0.2447905046851096 0.43207138816292706 0.18868173524349818 0.5501951133031616 0.3073233721634371 0.6065498908401326