2 0.3844321646341463 0.3485613567073171 0.13540872713414637 0.14934260670731705 -0.034941882621951234 0.36228086890243894 0.21408155487804875 0.561499618902439
2 0.7430229137189812 0.19945725742816736 0.6515176895134959 -0.012449577574009529 0.3932936472845015 0.09905625884305616 0.4847988714899869 0.310963093845233
2 0.5890952837222686 0.2984058608465886 0.3757590944171202 0.17142003387923824 0.24108830512243618 0.3976669598943072 0.4544244944275847 0.5246527868616576
2 0.8282837729677061 0.2901434611636972 0.5683311003619155 0.19916002575167047 0.47055740186525624 0.47851345002783974 0.7305100744710469 0.5694968854398665
2 1 0.1406250000000001 0.80078125 0.14062500000000008 0.80078125 0.3671875000000001 1 0.3671875000000001
2 1.0157063227769938 0.3755051660638674 0.7928226446718418 0.35447840397847574 0.7758654673165137 0.5342244839449541 0.9987491454216656 0.5552512460303458
2 0.9708890122319037 0.6580041471179625 0.8699758084785524 0.428655956769437 0.7354693783512065 0.48783878602546904 0.8363825821045576 0.7171869763739946
2 0.8473151676829268 0.7354525533536587 0.7075095274390245 0.4983908155487805 0.5810270579268293 0.5729830411585366 0.7208326981707318 0.8100447789634148
2 0.653563582109129 0.6405329797350472 0.4446279839979013 0.41912361457240294 0.314919579616999 0.5415245032135362 0.5238551777282268 0.7629338683761804
2 0.4901506932276442 0.7356066663658296 0.25369310740103196 0.45948522743281794 0.10094044141601803 0.5902955215083823 0.3373980272426303 0.866416960441394
2 0.19140625000000006 0.447265625 5.567119970733329e-17 0.447265625 7.45073199090626e-17 0.7548828125 0.19140625000000008 0.7548828125
2 0.4581050635373446 0.8812240663900418 0.14891159880705396 0.7022173236514526 0.07416202022821583 0.8313302321058093 0.3833554849585064 1.0103369748443987
2 0.6601071615575019 0.9717897646134809 0.49165868359672504 0.7667220523134046 0.35604367978865203 0.8781200911557505 0.5244921577494288 1.0831878034558267
2 0.8107718798987458 0.9063473500783799 0.6084041235443726 0.6973985284767099 0.5001008491826092 0.8022906760869217 0.7024686055369824 1.0112394976885917
2 0.9062837416020904 0.789937143422082 0.7883231006949383 0.7194884273247549 0.6984456090928481 0.8699809714026732 0.8164062500000002 0.9404296875000002
2 1 0.6531250000000002 0.85625 0.6531250000000002 0.85625 0.7921875000000002 1 0.7921875000000002
2 1 0.5312500000000002 0.9328125 0.5312500000000002 0.9328125 0.6703125000000002 1 0.6703125000000002
2 0.8984375 9.127445674895116e-17 0.5921875 7.252205263700732e-17 0.5921875 0.1843750000000001 0.8984375 0.1843750000000001
2 0.42171236059479555 0.052093256273234315 0.22638824349442385 -0.04260934595724906 0.11640915427509295 0.18422252555762078 0.3117332713754647 0.27892512778810413