2 0.5981271511920754 0.480952768216924 0.4487242381631969 0.23443796171927467 0.02609960019308255 0.4905741059435863 0.175502513221961 0.7370889124412358
2 0.6326121920756616 0.49976385266763035 0.4392078950779238 0.4557368582291209 0.3431086955240999 0.8778869134119901 0.5365129925218376 0.9219139078504996
2 0.9039981617647058 0.6259995404411767 0.8714613970588235 0.20302159926470592 0.5897748161764707 0.22468979779411766 0.6223115808823529 0.6476677389705883
2 0.8771888010976534 0.6896265554031038 0.7505977656604845 0.6661007877554883 0.6965043350208175 0.9571749621498865 0.8230953704579864 0.9807007297975019
2 0.4298368566176472 0.6552849264705884 0.23089384191176482 0.639981617647059 0.21310891544117658 0.871185661764706 0.4120519301470589 0.8864889705882355
2 0.49297255406244034 0.19593494904048123 0.18803741705652094 0.13580689385621542 0.13821613340175673 0.38847197524823374 0.4431512704076761 0.44860003043249963
2 0.9659104567307694 0.2932241586538463 0.8701171875000002 0.28125000000000017 0.8497596153846155 0.444110576923077 0.9455528846153847 0.4560847355769232
2 0.24258961397058826 0.1478056066176471 0.16216681985294118 0.1276999080882353 0.09581801470588235 0.39309512867647056 0.17624080882352944 0.41320082720588236
2 0.24646509887518153 0.6421500816400582 0.0736886565674892 0.5868616201015966 0.0030246507619739573 0.8076866382438315 0.1758010930696663 0.8629750997822931
0 0.471875 0.5453125 0.1468750000000001 0.5453125 0.1468750000000001 0.7015625 0.471875 0.7015625
2 0.46169567394024663 0.673857287660483 0.41972182356767157 0.5248912696715402 0.17548393446708335 0.5937096804125899 0.21745778483965844 0.7426756984015327
0 0.8078125 0.5375000000000001 0.5796875 0.5375 0.5796875 0.6578125000000001 0.8078125 0.6578125000000001
1 0.634375 0.19375000000000006 0.4796875 0.19375000000000003 0.4796875 0.3843750000000001 0.634375 0.3843750000000001