0 0.6490075296945703 0.14720906391402727 0.4756654765271494 0.1389546804298643 0.45877227092760187 0.49371199802036203 0.6321143240950227 0.501966381504525
1 0.750979555971469 0.38457012828637105 0.7305180271457203 0.05207028486795566 0.6112281891063429 0.05941119797807122 0.6316897179320915 0.39191104139648664
0 0.5888887297984006 0.13442016723592146 0.48089777365878045 0.03710963532989009 0.3023723862879041 0.23522927253415532 0.4103633424275242 0.3325398044401867
0 0.32887372737556564 0.3387298501131223 0.0418336397058824 0.28368106617647065 0.02066141119909507 0.3940791148190046 0.30770149886877834 0.44912789875565623
0 0.41274546143731206 0.5298310702018034 0.31020807615929585 0.4034477813707601 0.11295503032417353 0.5634832713879347 0.2154924156021898 0.6898665602189781
0 0.7771627928871853 0.6509900090233864 0.55668944729895 0.4741747516704452 0.4719249642047488 0.5798687367632145 0.6923983097929841 0.7566839941161557
0 1.07421875 0.47753906250000017 0.9404296875 0.3437500000000001 0.67578125 0.6083984375000002 0.8095703125 0.7421875000000002
0 0.8191167236151339 0.7384354068609704 0.623829680711441 0.6627118596125996 0.501229012038378 0.9788925314536566 0.696516054942071 1.0546160787020276
0 0.6011822455752212 0.8214446211283187 0.584295492256637 0.5681433213495575 0.5004234651548672 0.5737347898230089 0.5173102184734513 0.8270360896017699
0 1.0321681408283783 0.3203260255021573 0.8330078125 0.1328125 0.6900782014792792 0.28461972661206986 0.8892385298076574 0.4721332521142271
0 0.6933757599053394 0.000016495614159477144 0.39844407610389976 -0.0009765403582359857 0.3981178172117673 0.09592235060509016 0.693049501013207 0.09691538657748563
0 0.5191616911309389 0.9518485419950462 0.2958421878518352 0.7224523175382795 0.15820312500000008 0.8564453124999998 0.3815226282791039 1.0858415369567664
0 0.37091745022123895 0.9075273091814161 0.2988108407079646 0.6311186393805311 0.05583517699115046 0.6945035951327435 0.12794178650442478 0.9709122649336285
0 0.5473955781479669 0.5234403708353749 0.33552792748652627 0.5046076907765801 0.3004558886575209 0.8991681276028907 0.5123235393189615 0.9180008076616855
1 0.51875 0.38750000000000007 0.3984375000000001 0.38750000000000007 0.3984375000000001 0.5703125 0.51875 0.5703125
0 0.15937500000000007 0.4328125 0.037500000000000054 0.4328125 0.03750000000000007 0.5921875 0.1593750000000001 0.5921875
0 0.2046875 0.23125 0.021875000000000026 0.23125 0.021875000000000033 0.3109375 0.2046875 0.3109375
0 1 0.5703125000000002 0.784375 0.5703125000000002 0.784375 0.865625 1 0.865625
0 0.8234375 0.3343750000000001 0.6359375 0.3343750000000001 0.6359375 0.5937500000000001 0.8234375 0.5937500000000002