2 0.24257660505836576 0.4515381809338521 0.22242217898832686 0.12906736381322959 0.1257295719844358 0.13511065175097275 0.14588399805447472 0.4575814688715953
2 0.34375 0.048437500000000036 0.2296875 0.048437500000000036 0.2296875 0.3453125 0.34375 0.3453125
2 0.1721875 0.7271875 0.1628140243902439 0.4272362804878048 0.05139939024390244 0.430717987804878 0.06077286585365852 0.7306692073170732
0 0.1861049622045568 0.001364096103343071 0.09033244020157573 -0.015007275179217813 0.038807314216764865 0.28641471183192563 0.13457983621974595 0.3027860831144865
0 0.3934499630723781 0.6468865398818316 0.3820116322008863 0.34948993722304283 0.2766386632200886 0.35354274372230426 0.2880769940915805 0.6509393463810931
0 0.33854779411764707 0.7836213235294117 0.2801654411764706 0.5209007352941176 0.16435661764705883 0.5466360294117647 0.2227389705882353 0.8093566176470588
0 0.5133875000000001 0.5662125000000001 0.39651250000000005 0.5449625000000001 0.3256625000000001 0.9346374999999998 0.4425375000000001 0.9558874999999999
0 0.7031657010517306 0.19883017916106163 0.571029449981656 0.16123043292160946 0.4765719586951205 0.4931810451571482 0.6087082097651951 0.5307807913966004
0 0.7160439579167425 0.018799422832212413 0.5638250431739684 0.008514361025268197 0.5533297923104891 0.16384407380476282 0.7055487070532631 0.17412913561170704
0 0.9488134082346609 0.032111981969860176 0.7451173977395048 0.017900632400430654 0.7254314114639396 0.30006643568353075 0.9291274219590957 0.3142777852529603
0 1.0527103209019948 0.20600742627927157 0.8720403295750216 0.1622086405030356 0.7261925411968775 0.7638307675628795 0.9068625325238507 0.8076295533391156
2 0.7730171319796955 0.4480726522842641 0.6133407360406091 0.43666719543147214 0.5889990482233503 0.7774508248730966 0.7486754441624366 0.7888562817258885
0 0.521875 0.9999999999999998 0.509576826363155 0.8011795262043409 0.3983721545791423 0.8080581656961355 0.4106703282159872 1.0068786394917946