2 0.5577653028607961 0.21362745599928085 0.38324592081868314 0.020492673206009247 0.268354755174205 0.1243099915594534 0.4428741372163178 0.317444774352725
2 0.7400488471860768 0.30476437967631753 0.7003586023910214 -0.007087543713402722 0.5219977533344177 0.015612927984710468 0.561687998129473 0.3274648513744307
2 0.47572380131271563 0.47077287170430526 0.31501044679608414 0.14551965423017021 0.12698006765213038 0.2384287827483591 0.2876934221687618 0.5636820002224943
2 0.15429687500000006 0.220703125 2.8164484492109536e-17 0.220703125 4.6462429830932293e-17 0.51953125 0.15429687500000006 0.51953125
2 0.3148779653284671 0.7579137203467153 0.2729513572080292 0.39454978330291973 0.039802406478102195 0.4214515853102189 0.08172901459854014 0.7848155223540145
2 0.5424989560133631 0.668719115395323 0.4503127609966593 0.40532998677616927 0.2618731730233853 0.4712838425668151 0.3540593680400891 0.7346729711859689
2 0.7140054484560467 0.4651395914867539 0.575181200810683 0.20654540469637023 0.39853980974754866 0.301373940951316 0.5373640573929125 0.5599681277416997
2 0.957994434931507 0.2945606806506852 0.7215191566780823 0.18707191780821927 0.6227258133561644 0.4044172731164385 0.8592010916095892 0.5119060359589043
2 0.9299207765728263 0.7386704070558507 0.6827452782817158 0.4563770784064404 0.5274196781456525 0.5923798766117014 0.7745951764367631 0.8746732052611119
2 0.741371959841629 0.8608372808257918 0.5411248585972851 0.5655576569570135 0.35288832720588237 0.6932123161764705 0.5531354284502262 0.9884919400452489
2 0.5399070945945946 0.9415910050675678 0.33175675675675675 0.6553842905405406 0.16046241554054058 0.7799619932432432 0.36861275337837845 1.0661687077702704
2 1.0725820135746609 0.5622781744909503 0.8334797440610862 0.3127801541289591 0.7020600608031675 0.438724017251131 0.9411623303167422 0.6882220376131223