0 0.9890625 0.0078125000000001 0.6234375 0.007812500000000078 0.6234375 0.6734375000000001 0.9890625 0.6734375000000001
0 0.4468750000000001 0.48125 0.09062500000000007 0.48125 0.0906250000000001 1 0.4468750000000002 1
0 0.921875 0.6703125000000001 0.6328125 0.6703125 0.6328125000000001 1 0.921875 1
0 0.6937500000000002 0.7546875 0.4812500000000002 0.7546875 0.4812500000000002 1 0.6937500000000002 1
0 0.396875 3.6930755036787366e-17 0.20625 2.525834023241416e-17 0.20625 0.23437500000000006 0.396875 0.23437500000000008
0 0.515625 0.07968750000000005 0.353125 0.07968750000000005 0.353125 0.29687500000000006 0.515625 0.2968750000000001
0 0.665625 6.936476010795555e-17 0.4671875 5.72139676476654e-17 0.4671875 0.15625000000000006 0.665625 0.15625000000000008
0 0.69375 0.13593750000000007 0.5046875 0.13593750000000004 0.5046875 0.2984375000000001 0.69375 0.2984375000000001
0 0.409375 0.25625000000000003 0.21875 0.25625 0.21875000000000006 0.4609375 0.409375 0.4609375
0 0.22500000000000003 0.2421875 0.006250000000000031 0.2421875 0.0062500000000000515 0.5875 0.2250000000000001 0.5875
0 0.17656250000000012 0.834375 0.004687500000000103 0.834375 0.004687500000000113 1 0.17656250000000012 1
2 0.8923600095177664 0.6134051792512689 0.5318002458756345 0.19737468274111683 0.17138919733502536 0.5097309248096448 0.5319489609771573 0.925761421319797
0 1 0.6406250000000002 0.859375 0.6406250000000002 0.859375 1 1 1