2 0.3433021573702102 0.42008604372682334 0.21445022790482077 0.23521153623300375 0.08506595720024722 0.3253884521786156 0.2139178866656366 0.5102629596724353
2 0.5834306539948455 0.2582756121134021 0.30596609213917525 0.15155847293814434 0.23564352448453613 0.3343971488402062 0.5131080863402062 0.44111428801546404
2 0.8284556285832829 0.2627884307106216 0.6198095437914906 0.15266966373717566 0.5344602208433916 0.314384170375679 0.743106305635184 0.4245029373491249
2 1.0205303564401889 0.3751987965634839 0.8011767936778595 0.2949474931138512 0.7551871556925499 0.4206525036070306 0.9745407184548794 0.5009038070566634
2 0.6789523349719101 0.4525434515449439 0.5974565484550561 0.3191867099719102 0.3885731214887641 0.4468376931179775 0.470068908005618 0.5801944346910113
2 0.22918278155940602 0.44352374690594065 0.0035098236386139235 0.42095645111386143 -0.009601253094059342 0.5520672184405941 0.21607170482673274 0.5746345142326733
2 0.518749267120075 0.5235793122654784 0.36751766240619144 0.41335966815197 0.25852705792682934 0.5629049161585367 0.4097586626407129 0.673124560272045
2 0.335872913354531 0.6328438617845789 0.23981642488076318 0.5181097227742449 0.087149120627981 0.6459242100556439 0.18320560910174882 0.7606583490659778
2 0.5545447937071499 0.6626434714740451 0.27062737206170434 0.6306527760773751 0.2567592280852107 0.7537325538687563 0.5406766497306563 0.7857232492654262
2 0.726050703788952 0.6152233091359773 0.675855944582153 0.4757934224504249 0.4790910499291785 0.5466287845254957 0.5292858091359773 0.6860586712110482
2 1.0125781249999999 0.5636328125000001 0.9416328124999997 0.46115625 0.7800468749999999 0.5730234375000001 0.8509921874999999 0.6755
2 0.7963065418287938 0.7296031432392996 0.7673987718871595 0.6206430873054474 0.4956316877431906 0.6927445586089493 0.5245394576848248 0.8017046145428015