2 0.5890625 6.45809835487862e-17 0.465625 5.702261658529863e-17 0.465625 0.2906250000000001 0.5890625 0.2906250000000001
0 0.5921875000000001 0.46875 0.3765625000000001 0.46875 0.3765625000000001 1 0.5921875000000002 1
0 0.3937500000000001 0.384375 0.20312500000000008 0.384375 0.20312500000000008 0.6984375 0.3937500000000001 0.6984375
0 0.4765625 5.0038302808911385e-17 0.340625 4.171453159595672e-17 0.34062500000000007 0.415625 0.4765625 0.415625
1 0.6296875000000001 0.3812500000000001 0.5546875 0.3812500000000001 0.5546875000000001 0.8453125 0.6296875000000002 0.8453125
0 0.7281250000000001 0.2890625000000001 0.6234375 0.2890625000000001 0.6234375000000001 0.7406250000000001 0.7281250000000001 0.7406250000000002
2 0.95 0.4984375000000001 0.709375 0.4984375 0.7093750000000001 0.909375 0.95 0.909375
0 0.7203125 7.682745154025974e-17 0.534375 6.544206332943669e-17 0.534375 0.3421875000000001 0.7203125 0.3421875000000001
2 0.8 0.16406250000000008 0.725 0.16406250000000008 0.725 0.45781250000000007 0.8 0.4578125000000002
1 0.8296875 9.653661096403746e-17 0.746875 9.146580781131795e-17 0.746875 0.16562500000000008 0.8296875 0.16562500000000008
2 0.7046875000000001 0.775 0.5828125000000002 0.775 0.5828125000000002 1 0.7046875000000001 1
0 0.2578125000000001 0.7 0.14218750000000008 0.7 0.1421875000000001 1 0.2578125000000001 1
1 0.32031250000000006 0.12343750000000002 0.171875 0.1234375 0.17187500000000003 0.4625 0.3203125000000001 0.4625
1 0.33281250000000007 0.7796875 0.2531250000000001 0.7796875 0.2531250000000001 1 0.33281250000000007 1